title,count,canonicalId,canonicalTitle,slug,lookupPath,videoLookupPath,videoUrl,anatomyStatus,muscleLabel,anatomyImage,primaryMuscle,movementPattern,bestCandidateTitle,bestCandidateScore,suggestedAlias,issues
21,25,didactic_141,21,21,exact_key,normalizedExercise.video_url,https://ac22cf36-390e-4f3a-b58f-98eb399f6f3b.selstorage.ru/exercises/21.mp4,alias_used,бицепс,/muscle-templates/manual/upper_biceps_needs_review.jpg,бицепс,сгибание локтя,,,,
Армейский жим,15,didactic_056,Армейский жим,армейский-жим,exact_key,normalizedExercise.video_url,https://ac22cf36-390e-4f3a-b58f-98eb399f6f3b.selstorage.ru/exercises/%D0%B0%D1%80%D0%BC%D0%B5%D0%B9%D1%81%D0%BA%D0%B8%D0%B9-%D0%B6%D0%B8%D0%BC.mp4,alias_used,передняя дельта,/muscle-templates/manual/upper_front_delt.png,передняя дельта,Вертикальный жим,,,,
Бабочка на большие грудные,363,didactic_048,Бабочка на большие грудные мышцы,бабочка-на-большие-грудные-мышцы,alias_exact_key,normalizedExercise.video_url,https://ac22cf36-390e-4f3a-b58f-98eb399f6f3b.selstorage.ru/exercises/%D0%B1%D0%B0%D0%B1%D0%BE%D1%87%D0%BA%D0%B0-%D0%BD%D0%B0-%D0%B1%D0%BE%D0%BB%D1%8C%D1%88%D0%B8%D0%B5-%D0%B3%D1%80%D1%83%D0%B4%D0%BD%D1%8B%D0%B5-%D0%BC%D1%8B%D1%88%D1%86%D1%8B.mp4,ok,Большие грудные,/muscle-templates/manual/upper_chest.jpg,Большие грудные,Растяжка,,,,
Бабочка на большие грудные 10 раз,4,didactic_048,Бабочка на большие грудные мышцы,бабочка-на-большие-грудные-мышцы,alias_exact_key,normalizedExercise.video_url,https://ac22cf36-390e-4f3a-b58f-98eb399f6f3b.selstorage.ru/exercises/%D0%B1%D0%B0%D0%B1%D0%BE%D1%87%D0%BA%D0%B0-%D0%BD%D0%B0-%D0%B1%D0%BE%D0%BB%D1%8C%D1%88%D0%B8%D0%B5-%D0%B3%D1%80%D1%83%D0%B4%D0%BD%D1%8B%D0%B5-%D0%BC%D1%8B%D1%88%D1%86%D1%8B.mp4,ok,Большие грудные,/muscle-templates/manual/upper_chest.jpg,Большие грудные,Растяжка,,,,
Бабочка на заднюю дельту,137,didactic_055,Бабочка на заднюю дельту в кроссовере,бабочка-на-заднюю-дельту-в-кроссовере,contains,normalizedExercise.video_url,https://ac22cf36-390e-4f3a-b58f-98eb399f6f3b.selstorage.ru/exercises/%D0%B1%D0%B0%D0%B1%D0%BE%D1%87%D0%BA%D0%B0-%D0%BD%D0%B0-%D0%B7%D0%B0%D0%B4%D0%BD%D1%8E%D1%8E-%D0%B4%D0%B5%D0%BB%D1%8C%D1%82%D1%83-%D0%B2-%D0%BA%D1%80%D0%BE%D1%81%D1%81%D0%BE%D0%B2%D0%B5%D1%80%D0%B5.mp4,alias_used,задняя дельта,/muscle-templates/manual/upper_rear_delt.png,задняя дельта,Горизонтальное отведение,,,,
Бицепс с гантелью на скамье скотта,2,didactic_140,Бицепс с гантелью на скамье скотта,бицепс-с-гантелью-на-скамье-скотта,exact_key,normalizedExercise.video_url,https://ac22cf36-390e-4f3a-b58f-98eb399f6f3b.selstorage.ru/exercises/%D0%B1%D0%B8%D1%86%D0%B5%D0%BF%D1%81-%D1%81-%D0%B3%D0%B0%D0%BD%D1%82%D0%B5%D0%BB%D1%8C%D1%8E-%D0%BD%D0%B0-%D1%81%D0%BA%D0%B0%D0%BC%D1%8C%D0%B5-%D1%81%D0%BA%D0%BE%D1%82%D1%82%D0%B0.mp4,alias_used,бицепс,/muscle-templates/manual/upper_biceps_needs_review.jpg,бицепс,сгибание локтя,,,,
Бицепс с гантелью на скамье Скотта,54,didactic_140,Бицепс с гантелью на скамье скотта,бицепс-с-гантелью-на-скамье-скотта,exact_key,normalizedExercise.video_url,https://ac22cf36-390e-4f3a-b58f-98eb399f6f3b.selstorage.ru/exercises/%D0%B1%D0%B8%D1%86%D0%B5%D0%BF%D1%81-%D1%81-%D0%B3%D0%B0%D0%BD%D1%82%D0%B5%D0%BB%D1%8C%D1%8E-%D0%BD%D0%B0-%D1%81%D0%BA%D0%B0%D0%BC%D1%8C%D0%B5-%D1%81%D0%BA%D0%BE%D1%82%D1%82%D0%B0.mp4,alias_used,бицепс,/muscle-templates/manual/upper_biceps_needs_review.jpg,бицепс,сгибание локтя,,,,
Бицепс с двумя гантелями на скамье Скотта,15,didactic_139,Бицепс с двумя гантелями на скамье скотта,бицепс-с-двумя-гантелями-на-скамье-скотта,exact_key,normalizedExercise.video_url,https://ac22cf36-390e-4f3a-b58f-98eb399f6f3b.selstorage.ru/exercises/%D0%B1%D0%B8%D1%86%D0%B5%D0%BF%D1%81-%D1%81-%D0%B4%D0%B2%D1%83%D0%BC%D1%8F-%D0%B3%D0%B0%D0%BD%D1%82%D0%B5%D0%BB%D1%8F%D0%BC%D0%B8-%D0%BD%D0%B0-%D1%81%D0%BA%D0%B0%D0%BC%D1%8C%D0%B5-%D1%81%D0%BA%D0%BE%D1%82%D1%82%D0%B0.mp4,alias_used,бицепс,/muscle-templates/manual/upper_biceps_needs_review.jpg,бицепс,сгибание локтя,,,,
Бицепс с канатной рукояткой в кроссовере,135,didactic_151,Бицепс с канатной рукояткой в кроссовере,бицепс-с-канатной-рукояткой-в-кроссовере,exact_key,normalizedExercise.video_url,https://ac22cf36-390e-4f3a-b58f-98eb399f6f3b.selstorage.ru/exercises/%D0%B1%D0%B8%D1%86%D0%B5%D0%BF%D1%81-%D1%81-%D0%BA%D0%B0%D0%BD%D0%B0%D1%82%D0%BD%D0%BE%D0%B9-%D1%80%D1%83%D0%BA%D0%BE%D1%8F%D1%82%D0%BA%D0%BE%D0%B9-%D0%B2-%D0%BA%D1%80%D0%BE%D1%81%D1%81%D0%BE%D0%B2%D0%B5%D1%80%D0%B5.mp4,alias_used,бицепс,/muscle-templates/manual/upper_biceps_needs_review.jpg,бицепс,сгибание локтя,,,,
Бицепс со штангой на скамье скотта,4,didactic_142,Бицепс со штангой в скамье скотта,бицепс-со-штангой-в-скамье-скотта,alias_exact_key,normalizedExercise.video_url,https://ac22cf36-390e-4f3a-b58f-98eb399f6f3b.selstorage.ru/exercises/%D0%B1%D0%B8%D1%86%D0%B5%D0%BF%D1%81-%D1%81%D0%BE-%D1%88%D1%82%D0%B0%D0%BD%D0%B3%D0%BE%D0%B9-%D0%B2-%D1%81%D0%BA%D0%B0%D0%BC%D1%8C%D0%B5-%D1%81%D0%BA%D0%BE%D1%82%D1%82%D0%B0.mp4,alias_used,бицепс,/muscle-templates/manual/upper_biceps_needs_review.jpg,бицепс,сгибание локтя,,,,
Бицепс со штангой на скамье Скотта,56,didactic_142,Бицепс со штангой в скамье скотта,бицепс-со-штангой-в-скамье-скотта,alias_exact_key,normalizedExercise.video_url,https://ac22cf36-390e-4f3a-b58f-98eb399f6f3b.selstorage.ru/exercises/%D0%B1%D0%B8%D1%86%D0%B5%D0%BF%D1%81-%D1%81%D0%BE-%D1%88%D1%82%D0%B0%D0%BD%D0%B3%D0%BE%D0%B9-%D0%B2-%D1%81%D0%BA%D0%B0%D0%BC%D1%8C%D0%B5-%D1%81%D0%BA%D0%BE%D1%82%D1%82%D0%B0.mp4,alias_used,бицепс,/muscle-templates/manual/upper_biceps_needs_review.jpg,бицепс,сгибание локтя,,,,
Боковая или латеральная планка,106,didactic_120,Латеральная или боковая планка,латеральная-или-боковая-планка,alias_exact_key,normalizedExercise.video_url,https://ac22cf36-390e-4f3a-b58f-98eb399f6f3b.selstorage.ru/exercises/%D0%BB%D0%B0%D1%82%D0%B5%D1%80%D0%B0%D0%BB%D1%8C%D0%BD%D0%B0%D1%8F-%D0%BF%D0%BB%D0%B0%D0%BD%D0%BA%D0%B0-%D0%B8%D0%BB%D0%B8-%D0%B1%D0%BE%D0%BA%D0%BE%D0%B2%D0%B0%D1%8F-%D0%BF%D0%BB%D0%B0%D0%BD%D0%BA%D0%B0.mp4,alias_used,косые мышцы живота,/muscle-templates/manual/core_obliques.png,косые мышцы живота,латеральная стабилизация,,,,
Болгарский присед,94,didactic_111,Болгарский присед,болгарский-присед,exact_key,normalizedExercise.video_url,https://ac22cf36-390e-4f3a-b58f-98eb399f6f3b.selstorage.ru/exercises/%D0%B1%D0%BE%D0%BB%D0%B3%D0%B0%D1%80%D1%81%D0%BA%D0%B8%D0%B9-%D0%BF%D1%80%D0%B8%D1%81%D0%B5%D0%B4.mp4,alias_used,ягодицы,/muscle-templates/manual/lower_glute_maximus.png,ягодицы,выпад,,,,
Велосипедные скручивания,6,didactic_133,Велосипедные скручивания на пресс,велосипедные-скручивания-на-пресс,contains,normalizedExercise.video_url,https://ac22cf36-390e-4f3a-b58f-98eb399f6f3b.selstorage.ru/exercises/%D0%B2%D0%B5%D0%BB%D0%BE%D1%81%D0%B8%D0%BF%D0%B5%D0%B4%D0%BD%D1%8B%D0%B5-%D1%81%D0%BA%D1%80%D1%83%D1%87%D0%B8%D0%B2%D0%B0%D0%BD%D0%B8%D1%8F-%D0%BD%D0%B0-%D0%BF%D1%80%D0%B5%D1%81%D1%81.mp4,alias_used,косые мышцы живота,/muscle-templates/manual/core_obliques.png,косые мышцы живота,скручивание,,,,
Вертикальная тяга обратным хватом,90,didactic_002,Вертикальная тяга обратным хватом,вертикальная-тяга-обратным-хватом,exact_key,normalizedExercise.video_url,https://ac22cf36-390e-4f3a-b58f-98eb399f6f3b.selstorage.ru/exercises/%D0%B2%D0%B5%D1%80%D1%82%D0%B8%D0%BA%D0%B0%D0%BB%D1%8C%D0%BD%D0%B0%D1%8F-%D1%82%D1%8F%D0%B3%D0%B0-%D0%BE%D0%B1%D1%80%D0%B0%D1%82%D0%BD%D1%8B%D0%BC-%D1%85%D0%B2%D0%B0%D1%82%D0%BE%D0%BC.mp4,alias_used,широчайшие,/muscle-templates/manual/upper_lats.png,широчайшие,вертикальная тяга,,,,
Вертикальная тяга одной рукой,17,didactic_003,Вертикальная тяга одной рукой,вертикальная-тяга-одной-рукой,exact_key,normalizedExercise.video_url,https://ac22cf36-390e-4f3a-b58f-98eb399f6f3b.selstorage.ru/exercises/%D0%B2%D0%B5%D1%80%D1%82%D0%B8%D0%BA%D0%B0%D0%BB%D1%8C%D0%BD%D0%B0%D1%8F-%D1%82%D1%8F%D0%B3%D0%B0-%D0%BE%D0%B4%D0%BD%D0%BE%D0%B9-%D1%80%D1%83%D0%BA%D0%BE%D0%B9.mp4,alias_used,широчайшие,/muscle-templates/manual/upper_lats.png,широчайшие,вертикальная тяга,,,,
Вертикальная тяга узким хватом,76,didactic_001,Вертикальная тяга узким хватом,вертикальная-тяга-узким-хватом,exact_key,normalizedExercise.video_url,https://ac22cf36-390e-4f3a-b58f-98eb399f6f3b.selstorage.ru/exercises/%D0%B2%D0%B5%D1%80%D1%82%D0%B8%D0%BA%D0%B0%D0%BB%D1%8C%D0%BD%D0%B0%D1%8F-%D1%82%D1%8F%D0%B3%D0%B0-%D1%83%D0%B7%D0%BA%D0%B8%D0%BC-%D1%85%D0%B2%D0%B0%D1%82%D0%BE%D0%BC.mp4,alias_used,широчайшие,/muscle-templates/manual/upper_lats.png,широчайшие,вертикальная тяга,,,,
Вертикальная тяга широким хватом,103,didactic_004,Вертикальная тяга,вертикальная-тяга,contains,normalizedExercise.video_url,https://ac22cf36-390e-4f3a-b58f-98eb399f6f3b.selstorage.ru/exercises/%D0%B2%D0%B5%D1%80%D1%82%D0%B8%D0%BA%D0%B0%D0%BB%D1%8C%D0%BD%D0%B0%D1%8F-%D1%82%D1%8F%D0%B3%D0%B0.mp4,alias_used,широчайшие,/muscle-templates/manual/upper_lats.png,широчайшие,вертикальная тяга,,,,
Выпады в кроссовере,154,didactic_080,Выпады в кроссовере,выпады-в-кроссовере,exact_key,normalizedExercise.video_url,https://ac22cf36-390e-4f3a-b58f-98eb399f6f3b.selstorage.ru/exercises/%D0%B2%D1%8B%D0%BF%D0%B0%D0%B4%D1%8B-%D0%B2-%D0%BA%D1%80%D0%BE%D1%81%D1%81%D0%BE%D0%B2%D0%B5%D1%80%D0%B5.mp4,alias_used,ягодицы,/muscle-templates/manual/lower_glute_maximus.png,ягодицы,выпад,,,,
Выпады в смите,33,didactic_089,Выпады в смитте,выпады-в-смитте,alias_exact_key,normalizedExercise.video_url,https://ac22cf36-390e-4f3a-b58f-98eb399f6f3b.selstorage.ru/exercises/%D0%B2%D1%8B%D0%BF%D0%B0%D0%B4%D1%8B-%D0%B2-%D1%81%D0%BC%D0%B8%D1%82%D1%82%D0%B5.mp4,alias_used,ягодицы,/muscle-templates/manual/lower_glute_maximus.png,ягодицы,выпад,,,,
Выпады с гантелями,77,didactic_077,Выпады с гантелями,выпады-с-гантелями,exact_key,normalizedExercise.video_url,https://ac22cf36-390e-4f3a-b58f-98eb399f6f3b.selstorage.ru/exercises/%D0%B2%D1%8B%D0%BF%D0%B0%D0%B4%D1%8B-%D1%81-%D0%B3%D0%B0%D0%BD%D1%82%D0%B5%D0%BB%D1%8F%D0%BC%D0%B8.mp4,alias_used,ягодицы,/muscle-templates/manual/lower_glute_maximus.png,ягодицы,выпад,,,,
Выпады со штангой,97,didactic_091,Выпады со штангой на ягодицы,выпады-со-штангой-на-ягодицы,contains,normalizedExercise.video_url,https://ac22cf36-390e-4f3a-b58f-98eb399f6f3b.selstorage.ru/exercises/%D0%B2%D1%8B%D0%BF%D0%B0%D0%B4%D1%8B-%D1%81%D0%BE-%D1%88%D1%82%D0%B0%D0%BD%D0%B3%D0%BE%D0%B9-%D0%BD%D0%B0-%D1%8F%D0%B3%D0%BE%D0%B4%D0%B8%D1%86%D1%8B.mp4,alias_used,ягодицы,/muscle-templates/manual/lower_glute_maximus.png,ягодицы,выпад,,,,
Вытяжка в гиперэкстензии,183,didactic_032,Вытяжка в гиперэкстензии,вытяжка-в-гиперэкстензии,exact_key,normalizedExercise.video_url,https://ac22cf36-390e-4f3a-b58f-98eb399f6f3b.selstorage.ru/exercises/%D0%B2%D1%8B%D1%82%D1%8F%D0%B6%D0%BA%D0%B0-%D0%B2-%D0%B3%D0%B8%D0%BF%D0%B5%D1%80%D1%8D%D0%BA%D1%81%D1%82%D0%B5%D0%BD%D0%B7%D0%B8%D0%B8.mp4,ok,Разгибатели позвоночника,/muscle-templates/manual/lower_spinal_extensors.png,ЛФК,сагиттальная плоскость,,,,
Гак присед,18,didactic_099,Гак присед,гак-присед,exact_key,exerciseCatalogTable.exact,https://ac22cf36-390e-4f3a-b58f-98eb399f6f3b.selstorage.ru/exercises/%D0%B3%D0%B0%D0%BA-%D0%BF%D1%80%D0%B8%D1%81%D0%B5%D0%B4.mp4,alias_used,квадрицепс,/muscle-templates/manual/lower_quads.png,квадрицепс,приседание,,,,
Гибридная тяга,45,didactic_018,Гибридная тяга,гибридная-тяга,exact_key,normalizedExercise.video_url,https://ac22cf36-390e-4f3a-b58f-98eb399f6f3b.selstorage.ru/exercises/%D0%B3%D0%B8%D0%B1%D1%80%D0%B8%D0%B4%D0%BD%D0%B0%D1%8F-%D1%82%D1%8F%D0%B3%D0%B0.mp4,alias_used,трапеция / широчайшие,/muscle-templates/manual/upper_back.png,трапеция / широчайшие,горизонтальная тяга,,,,
Гильотина,69,didactic_047,Гильотина,гильотина,exact_key,normalizedExercise.video_url,https://ac22cf36-390e-4f3a-b58f-98eb399f6f3b.selstorage.ru/exercises/%D0%B3%D0%B8%D0%BB%D1%8C%D0%BE%D1%82%D0%B8%D0%BD%D0%B0.mp4,ok,Верх груди,/muscle-templates/manual/upper_chest_incline.png,Верх груди,Растяжка,,,,
Гиперэкстензия,70,didactic_031,Гиперэкстензия,гиперэкстензия,exact_key,normalizedExercise.video_url,https://ac22cf36-390e-4f3a-b58f-98eb399f6f3b.selstorage.ru/exercises/%D0%B3%D0%B8%D0%BF%D0%B5%D1%80%D1%8D%D0%BA%D1%81%D1%82%D0%B5%D0%BD%D0%B7%D0%B8%D1%8F.mp4,alias_used,низ спины,/muscle-templates/manual/lower_spinal_extensors.png,низ спины,разгибание позвоночника,,,,
Горизонтальная вытяжка в кроссовере,89,didactic_033,Горизонтальная вытяжка в кроссовере,горизонтальная-вытяжка-в-кроссовере,exact_key,normalizedExercise.video_url,https://ac22cf36-390e-4f3a-b58f-98eb399f6f3b.selstorage.ru/exercises/%D0%B3%D0%BE%D1%80%D0%B8%D0%B7%D0%BE%D0%BD%D1%82%D0%B0%D0%BB%D1%8C%D0%BD%D0%B0%D1%8F-%D0%B2%D1%8B%D1%82%D1%8F%D0%B6%D0%BA%D0%B0-%D0%B2-%D0%BA%D1%80%D0%BE%D1%81%D1%81%D0%BE%D0%B2%D0%B5%D1%80%D0%B5.mp4,ok,Разгибатели позвоночника,/muscle-templates/manual/lower_spinal_extensors.png,ЛФК,сагиттальная плоскость,,,,
Горизонтальная или гребная тяга широким хватом,232,didactic_015,Горизонтальная тяга широким хватом,горизонтальная-тяга-широким-хватом,alias_exact_key,normalizedExercise.video_url,https://ac22cf36-390e-4f3a-b58f-98eb399f6f3b.selstorage.ru/exercises/%D0%B3%D0%BE%D1%80%D0%B8%D0%B7%D0%BE%D0%BD%D1%82%D0%B0%D0%BB%D1%8C%D0%BD%D0%B0%D1%8F-%D1%82%D1%8F%D0%B3%D0%B0-%D1%88%D0%B8%D1%80%D0%BE%D0%BA%D0%B8%D0%BC-%D1%85%D0%B2%D0%B0%D1%82%D0%BE%D0%BC.mp4,alias_used,трапеция,/muscle-templates/manual/upper_back.png,трапеция,горизонтальная тяга,,,,
Горизонтальная тяга или гребная тяга.,215,didactic_014,Горизонтальная тяга,горизонтальная-тяга,contains,normalizedExercise.video_url,https://ac22cf36-390e-4f3a-b58f-98eb399f6f3b.selstorage.ru/exercises/%D0%B3%D0%BE%D1%80%D0%B8%D0%B7%D0%BE%D0%BD%D1%82%D0%B0%D0%BB%D1%8C%D0%BD%D0%B0%D1%8F-%D1%82%D1%8F%D0%B3%D0%B0.mp4,alias_used,трапеция,/muscle-templates/manual/upper_back.png,трапеция,горизонтальная тяга,,,,
Горизонтальный жим ногами,13,didactic_102,Горизонтальный жим ногами,горизонтальный-жим-ногами,exact_key,normalizedExercise.video_url,https://ac22cf36-390e-4f3a-b58f-98eb399f6f3b.selstorage.ru/exercises/%D0%B3%D0%BE%D1%80%D0%B8%D0%B7%D0%BE%D0%BD%D1%82%D0%B0%D0%BB%D1%8C%D0%BD%D1%8B%D0%B9-%D0%B6%D0%B8%D0%BC-%D0%BD%D0%BE%D0%B3%D0%B0%D0%BC%D0%B8.mp4,alias_used,квадрицепс,/muscle-templates/manual/lower_quads.png,квадрицепс,жим ногами,,,,
Динамическая планка на косые мышцы,56,didactic_136,Динамическая планка на косые мышцы,динамическая-планка-на-косые-мышцы,exact_key,normalizedExercise.video_url,https://ac22cf36-390e-4f3a-b58f-98eb399f6f3b.selstorage.ru/exercises/%D0%B4%D0%B8%D0%BD%D0%B0%D0%BC%D0%B8%D1%87%D0%B5%D1%81%D0%BA%D0%B0%D1%8F-%D0%BF%D0%BB%D0%B0%D0%BD%D0%BA%D0%B0-%D0%BD%D0%B0-%D0%BA%D0%BE%D1%81%D1%8B%D0%B5-%D0%BC%D1%8B%D1%88%D1%86%D1%8B.mp4,alias_used,косые мышцы живота,/muscle-templates/manual/core_obliques.png,косые мышцы живота,латеральная стабилизация,,,,
Дуговая разводка,103,didactic_040,Дуговая разводка,дуговая-разводка,exact_key,normalizedExercise.video_url,https://ac22cf36-390e-4f3a-b58f-98eb399f6f3b.selstorage.ru/exercises/%D0%B4%D1%83%D0%B3%D0%BE%D0%B2%D0%B0%D1%8F-%D1%80%D0%B0%D0%B7%D0%B2%D0%BE%D0%B4%D0%BA%D0%B0.mp4,ok,Большие грудные,/muscle-templates/manual/upper_chest.jpg,Большие грудные,Растяжка,,,,
Дуговые махи,101,didactic_070,Дуговые махи гантелями,дуговые-махи-гантелями,contains,normalizedExercise.video_url,https://ac22cf36-390e-4f3a-b58f-98eb399f6f3b.selstorage.ru/exercises/%D0%B4%D1%83%D0%B3%D0%BE%D0%B2%D1%8B%D0%B5-%D0%BC%D0%B0%D1%85%D0%B8-%D0%B3%D0%B0%D0%BD%D1%82%D0%B5%D0%BB%D1%8F%D0%BC%D0%B8.mp4,alias_used,средняя дельта,/muscle-templates/manual/upper_lateral_delt.png,средняя дельта,Отведение плеча,,,,
Дуговые махи на заднюю дельту,78,didactic_072,Махи дерижер на заднюю дельту,махи-дерижер-на-заднюю-дельту,alias_exact_key,normalizedExercise.video_url,https://ac22cf36-390e-4f3a-b58f-98eb399f6f3b.selstorage.ru/exercises/%D0%BC%D0%B0%D1%85%D0%B8-%D0%B4%D0%B5%D1%80%D0%B8%D0%B6%D0%B5%D1%80-%D0%BD%D0%B0-%D0%B7%D0%B0%D0%B4%D0%BD%D1%8E%D1%8E-%D0%B4%D0%B5%D0%BB%D1%8C%D1%82%D1%83.mp4,alias_used,задняя дельта,/muscle-templates/manual/upper_rear_delt.png,задняя дельта,Горизонтальное отведение,,,,
Жим Арнольда,31,didactic_062,Жим Арнольда,жим-арнольда,exact_key,exerciseCatalogTable.exact,https://ac22cf36-390e-4f3a-b58f-98eb399f6f3b.selstorage.ru/%D0%96%D0%B8%D0%BC%20%D0%90%D1%80%D0%BD%D0%BE%D0%BB%D1%8C%D0%B4%D0%B0.mp4,alias_used,передняя дельта,/muscle-templates/manual/upper_front_delt.png,передняя дельта,Вертикальный жим,,,,
Жим в свенда в кроссовере,59,didactic_043,Жим Свенда в кроссовере,жим-свенда-в-кроссовере,alias_exact_key,normalizedExercise.video_url,https://ac22cf36-390e-4f3a-b58f-98eb399f6f3b.selstorage.ru/exercises/%D0%B6%D0%B8%D0%BC-%D1%81%D0%B2%D0%B5%D0%BD%D0%B4%D0%B0-%D0%B2-%D0%BA%D1%80%D0%BE%D1%81%D1%81%D0%BE%D0%B2%D0%B5%D1%80%D0%B5.mp4,ok,Большие грудные,/muscle-templates/manual/upper_chest.jpg,Большие грудные,Жим,,,,
Жим в свенда в кроссовере 10 раз,3,didactic_043,Жим Свенда в кроссовере,жим-свенда-в-кроссовере,alias_exact_key,normalizedExercise.video_url,https://ac22cf36-390e-4f3a-b58f-98eb399f6f3b.selstorage.ru/exercises/%D0%B6%D0%B8%D0%BC-%D1%81%D0%B2%D0%B5%D0%BD%D0%B4%D0%B0-%D0%B2-%D0%BA%D1%80%D0%BE%D1%81%D1%81%D0%BE%D0%B2%D0%B5%D1%80%D0%B5.mp4,ok,Большие грудные,/muscle-templates/manual/upper_chest.jpg,Большие грудные,Жим,,,,
Жим в смитте,24,didactic_036,Жим в смитте,жим-в-смитте,exact_key,normalizedExercise.video_url,https://ac22cf36-390e-4f3a-b58f-98eb399f6f3b.selstorage.ru/exercises/%D0%B6%D0%B8%D0%BC-%D0%B2-%D1%81%D0%BC%D0%B8%D1%82%D1%82%D0%B5.mp4,ok,Большие грудные,/muscle-templates/manual/upper_chest.jpg,Большие грудные,Жим,,,,
Жим в хаммере верх груди,109,didactic_189,Жим в хаммере на верх груди,жим-в-хаммере-на-верх-груди,alias_exact_key,normalizedExercise.video_url,https://ac22cf36-390e-4f3a-b58f-98eb399f6f3b.selstorage.ru/exercises/%D0%B6%D0%B8%D0%BC-%D0%B2-%D1%85%D0%B0%D0%BC%D0%BC%D0%B5%D1%80%D0%B5-%D0%BD%D0%B0-%D0%B2%D0%B5%D1%80%D1%85-%D0%B3%D1%80%D1%83%D0%B4%D0%B8.mp4,ok,Верх груди,/muscle-templates/manual/upper_chest_incline.png,Верх груди,жим,,,,
Жим в хаммере низ,62,didactic_037,Жим в хаммере на низ груди,жим-в-хаммере-на-низ-груди,alias_exact_key,normalizedExercise.video_url,https://ac22cf36-390e-4f3a-b58f-98eb399f6f3b.selstorage.ru/exercises/%D0%B6%D0%B8%D0%BC-%D0%B2-%D1%85%D0%B0%D0%BC%D0%BC%D0%B5%D1%80%D0%B5-%D0%BD%D0%B0-%D0%BD%D0%B8%D0%B7-%D0%B3%D1%80%D1%83%D0%B4%D0%B8.mp4,ok,Большие грудные,/muscle-templates/manual/upper_chest.jpg,Большие грудные,Жим,,,,
Жим гантелей лежа,71,didactic_045,Жим гантелей лёжа,жим-гантелей-лежа,exact_key,normalizedExercise.video_url,https://ac22cf36-390e-4f3a-b58f-98eb399f6f3b.selstorage.ru/exercises/%D0%B6%D0%B8%D0%BC-%D0%B3%D0%B0%D0%BD%D1%82%D0%B5%D0%BB%D0%B5%D0%B9-%D0%BB%D0%B5%D0%B6%D0%B0.mp4,ok,Большие грудные,/muscle-templates/manual/upper_chest.jpg,Большие грудные,Жим,,,,
Жим гантелей лёжа на скамье 30*,464,didactic_045,Жим гантелей лёжа,жим-гантелей-лежа,contains,normalizedExercise.video_url,https://ac22cf36-390e-4f3a-b58f-98eb399f6f3b.selstorage.ru/exercises/%D0%B6%D0%B8%D0%BC-%D0%B3%D0%B0%D0%BD%D1%82%D0%B5%D0%BB%D0%B5%D0%B9-%D0%BB%D0%B5%D0%B6%D0%B0.mp4,ok,Большие грудные,/muscle-templates/manual/upper_chest.jpg,Большие грудные,Жим,,,,
Жим гантелей сидя,50,didactic_063,Жим гантелей сидя,жим-гантелей-сидя,exact_key,normalizedExercise.video_url,https://ac22cf36-390e-4f3a-b58f-98eb399f6f3b.selstorage.ru/exercises/%D0%B6%D0%B8%D0%BC-%D0%B3%D0%B0%D0%BD%D1%82%D0%B5%D0%BB%D0%B5%D0%B9-%D1%81%D0%B8%D0%B4%D1%8F.mp4,alias_used,передняя дельта,/muscle-templates/manual/upper_front_delt.png,передняя дельта,Вертикальный жим,,,,
Жим гирей с пола,4,didactic_179,Жим гирей с пола,жим-гирей-с-пола,exact_key,normalizedExercise.video_url,https://ac22cf36-390e-4f3a-b58f-98eb399f6f3b.selstorage.ru/exercises/%D0%B6%D0%B8%D0%BC-%D0%B3%D0%B8%D1%80%D0%B5%D0%B9-%D1%81-%D0%BF%D0%BE%D0%BB%D0%B0.mp4,alias_used,трицепс,/muscle-templates/manual/upper_triceps.png,трицепс,разгибание локтя,,,,
Жим ногами,27,didactic_088,Жим ногами,жим-ногами,exact_key,normalizedExercise.video_url,https://ac22cf36-390e-4f3a-b58f-98eb399f6f3b.selstorage.ru/exercises/%D0%B6%D0%B8%D0%BC-%D0%BD%D0%BE%D0%B3%D0%B0%D0%BC%D0%B8.mp4,alias_used,квадрицепс,/muscle-templates/manual/lower_quads.png,квадрицепс,жим ногами,,,,
Жим ногами на бицеп бедра,198,didactic_088,Жим ногами,жим-ногами,contains,normalizedExercise.video_url,https://ac22cf36-390e-4f3a-b58f-98eb399f6f3b.selstorage.ru/exercises/%D0%B6%D0%B8%D0%BC-%D0%BD%D0%BE%D0%B3%D0%B0%D0%BC%D0%B8.mp4,alias_used,квадрицепс,/muscle-templates/manual/lower_quads.png,квадрицепс,жим ногами,,,,
Жим ногами с параллельной постановкой ног,37,didactic_092,Жим ногами с параллельной постановкой ног,жим-ногами-с-параллельной-постановкой-ног,exact_key,exerciseCatalogTable.exact,https://ac22cf36-390e-4f3a-b58f-98eb399f6f3b.selstorage.ru/%D0%96%D0%B8%D0%BC%20%D0%BD%D0%BE%D0%B3%D0%B0%D0%BC%D0%B8%20%D1%81%20%D0%BF%D0%B0%D1%80%D0%B0%D0%BB%D0%BB%D0%B5%D0%BB%D1%8C%D0%BD%D0%BE%D0%B9%20%D0%BF%D0%BE%D1%81%D1%82%D0%B0%D0%BD%D0%BE%D0%B2%D0%BA%D0%BE%D0%B9%20%D0%BD%D0%BE%D0%B3.mp4,alias_used,квадрицепс,/muscle-templates/manual/lower_quads.png,квадрицепс,жим ногами,,,,
Жим ногами с широкой постановкой ног,110,didactic_094,Жим ногами с широкой постановкой ног,жим-ногами-с-широкой-постановкой-ног,exact_key,exerciseCatalogTable.exact,https://ac22cf36-390e-4f3a-b58f-98eb399f6f3b.selstorage.ru/exercises/%D0%B6%D0%B8%D0%BC-%D0%BD%D0%BE%D0%B3%D0%B0%D0%BC%D0%B8-%D1%81-%D1%88%D0%B8%D1%80%D0%BE%D0%BA%D0%BE%D0%B9-%D0%BF%D0%BE%D1%81%D1%82%D0%B0%D0%BD%D0%BE%D0%B2%D0%BA%D0%BE%D0%B9-%D0%BD%D0%BE%D0%B3.mp4,alias_used,квадрицепс,/muscle-templates/manual/lower_quads.png,квадрицепс,жим ногами,,,,
Жим платформы на ягодицы,68,didactic_084,Жим платформы на ягодицы,жим-платформы-на-ягодицы,exact_key,normalizedExercise.video_url,https://ac22cf36-390e-4f3a-b58f-98eb399f6f3b.selstorage.ru/exercises/%D0%B6%D0%B8%D0%BC-%D0%BF%D0%BB%D0%B0%D1%82%D1%84%D0%BE%D1%80%D0%BC%D1%8B-%D0%BD%D0%B0-%D1%8F%D0%B3%D0%BE%D0%B4%D0%B8%D1%86%D1%8B.mp4,alias_used,ягодицы,/muscle-templates/manual/lower_glute_maximus.png,ягодицы,жим ногами,,,,
Жим с пола узким хватом,54,didactic_180,Жим с пола узким хватом,жим-с-пола-узким-хватом,exact_key,normalizedExercise.video_url,https://ac22cf36-390e-4f3a-b58f-98eb399f6f3b.selstorage.ru/exercises/%D0%B6%D0%B8%D0%BC-%D1%81-%D0%BF%D0%BE%D0%BB%D0%B0-%D1%83%D0%B7%D0%BA%D0%B8%D0%BC-%D1%85%D0%B2%D0%B0%D1%82%D0%BE%D0%BC.mp4,alias_used,трицепс,/muscle-templates/manual/upper_triceps.png,трицепс,разгибание локтя,,,,
Жим узким хватом,69,didactic_164,Жим узким хватом в смитте,жим-узким-хватом-в-смитте,alias_exact_key,normalizedExercise.video_url,https://ac22cf36-390e-4f3a-b58f-98eb399f6f3b.selstorage.ru/exercises/%D0%B6%D0%B8%D0%BC-%D1%83%D0%B7%D0%BA%D0%B8%D0%BC-%D1%85%D0%B2%D0%B0%D1%82%D0%BE%D0%BC-%D0%B2-%D1%81%D0%BC%D0%B8%D1%82%D1%82%D0%B5.mp4,alias_used,трицепс,/muscle-templates/manual/upper_triceps.png,трицепс,разгибание локтя,,,,
Жим узким хватом в смитте,21,didactic_164,Жим узким хватом в смитте,жим-узким-хватом-в-смитте,exact_key,normalizedExercise.video_url,https://ac22cf36-390e-4f3a-b58f-98eb399f6f3b.selstorage.ru/exercises/%D0%B6%D0%B8%D0%BC-%D1%83%D0%B7%D0%BA%D0%B8%D0%BC-%D1%85%D0%B2%D0%B0%D1%82%D0%BE%D0%BC-%D0%B2-%D1%81%D0%BC%D0%B8%D1%82%D1%82%D0%B5.mp4,alias_used,трицепс,/muscle-templates/manual/upper_triceps.png,трицепс,разгибание локтя,,,,
Жим штанги лежа,76,didactic_052,Жим штанги лёжа,жим-штанги-лежа,exact_key,normalizedExercise.video_url,https://ac22cf36-390e-4f3a-b58f-98eb399f6f3b.selstorage.ru/exercises/%D0%B6%D0%B8%D0%BC-%D1%88%D1%82%D0%B0%D0%BD%D0%B3%D0%B8-%D0%BB%D0%B5%D0%B6%D0%B0.mp4,ok,Большие грудные,/muscle-templates/manual/upper_chest.jpg,Большие грудные,Жим,,,,
Жим штанги под углом,123,didactic_044,Жим штанги под углом,жим-штанги-под-углом,exact_key,normalizedExercise.video_url,https://ac22cf36-390e-4f3a-b58f-98eb399f6f3b.selstorage.ru/exercises/%D0%B6%D0%B8%D0%BC-%D1%88%D1%82%D0%B0%D0%BD%D0%B3%D0%B8-%D0%BF%D0%BE%D0%B4-%D1%83%D0%B3%D0%BB%D0%BE%D0%BC.mp4,ok,Верх груди,/muscle-templates/manual/upper_chest_incline.png,Верх груди,Жим,,,,
Задняя дельта в кроссовере стоя,28,didactic_068,Задняя дельта в кроссовере стоя,задняя-дельта-в-кроссовере-стоя,exact_key,normalizedExercise.video_url,https://ac22cf36-390e-4f3a-b58f-98eb399f6f3b.selstorage.ru/exercises/%D0%B7%D0%B0%D0%B4%D0%BD%D1%8F%D1%8F-%D0%B4%D0%B5%D0%BB%D1%8C%D1%82%D0%B0-%D0%B2-%D0%BA%D1%80%D0%BE%D1%81%D1%81%D0%BE%D0%B2%D0%B5%D1%80%D0%B5-%D1%81%D1%82%D0%BE%D1%8F.mp4,alias_used,задняя дельта,/muscle-templates/manual/upper_rear_delt.png,задняя дельта,Горизонтальное отведение,,,,
Зашагивания на тумбу,19,didactic_079,Зашагивания на тумбу,зашагивания-на-тумбу,exact_key,normalizedExercise.video_url,https://ac22cf36-390e-4f3a-b58f-98eb399f6f3b.selstorage.ru/exercises/%D0%B7%D0%B0%D1%88%D0%B0%D0%B3%D0%B8%D0%B2%D0%B0%D0%BD%D0%B8%D1%8F-%D0%BD%D0%B0-%D1%82%D1%83%D0%BC%D0%B1%D1%83.mp4,alias_used,ягодицы,/muscle-templates/manual/lower_glute_maximus.png,ягодицы,зашагивание,,,,
Зашагивания на тумбу 10 раз,8,didactic_079,Зашагивания на тумбу,зашагивания-на-тумбу,exact_key,normalizedExercise.video_url,https://ac22cf36-390e-4f3a-b58f-98eb399f6f3b.selstorage.ru/exercises/%D0%B7%D0%B0%D1%88%D0%B0%D0%B3%D0%B8%D0%B2%D0%B0%D0%BD%D0%B8%D1%8F-%D0%BD%D0%B0-%D1%82%D1%83%D0%BC%D0%B1%D1%83.mp4,alias_used,ягодицы,/muscle-templates/manual/lower_glute_maximus.png,ягодицы,зашагивание,,,,
Зашагивания на тумбу 12 раз,1,didactic_079,Зашагивания на тумбу,зашагивания-на-тумбу,exact_key,normalizedExercise.video_url,https://ac22cf36-390e-4f3a-b58f-98eb399f6f3b.selstorage.ru/exercises/%D0%B7%D0%B0%D1%88%D0%B0%D0%B3%D0%B8%D0%B2%D0%B0%D0%BD%D0%B8%D1%8F-%D0%BD%D0%B0-%D1%82%D1%83%D0%BC%D0%B1%D1%83.mp4,alias_used,ягодицы,/muscle-templates/manual/lower_glute_maximus.png,ягодицы,зашагивание,,,,
Зашагивания на тумбу 15 раз,2,didactic_079,Зашагивания на тумбу,зашагивания-на-тумбу,exact_key,normalizedExercise.video_url,https://ac22cf36-390e-4f3a-b58f-98eb399f6f3b.selstorage.ru/exercises/%D0%B7%D0%B0%D1%88%D0%B0%D0%B3%D0%B8%D0%B2%D0%B0%D0%BD%D0%B8%D1%8F-%D0%BD%D0%B0-%D1%82%D1%83%D0%BC%D0%B1%D1%83.mp4,alias_used,ягодицы,/muscle-templates/manual/lower_glute_maximus.png,ягодицы,зашагивание,,,,
Зашагивания на тумбу 8 раз,1,didactic_079,Зашагивания на тумбу,зашагивания-на-тумбу,exact_key,normalizedExercise.video_url,https://ac22cf36-390e-4f3a-b58f-98eb399f6f3b.selstorage.ru/exercises/%D0%B7%D0%B0%D1%88%D0%B0%D0%B3%D0%B8%D0%B2%D0%B0%D0%BD%D0%B8%D1%8F-%D0%BD%D0%B0-%D1%82%D1%83%D0%BC%D0%B1%D1%83.mp4,alias_used,ягодицы,/muscle-templates/manual/lower_glute_maximus.png,ягодицы,зашагивание,,,,
Изодинамические махи,51,didactic_064,Изодинамические махи гантелями сидя,изодинамические-махи-гантелями-сидя,alias_exact_key,normalizedExercise.video_url,https://ac22cf36-390e-4f3a-b58f-98eb399f6f3b.selstorage.ru/exercises/%D0%B8%D0%B7%D0%BE%D0%B4%D0%B8%D0%BD%D0%B0%D0%BC%D0%B8%D1%87%D0%B5%D1%81%D0%BA%D0%B8%D0%B5-%D0%BC%D0%B0%D1%85%D0%B8-%D0%B3%D0%B0%D0%BD%D1%82%D0%B5%D0%BB%D1%8F%D0%BC%D0%B8-%D1%81%D0%B8%D0%B4%D1%8F.mp4,alias_used,средняя дельта,/muscle-templates/manual/upper_lateral_delt.png,средняя дельта,Отведение плеча,,,,
Изодинамические махи на заднюю дельту,38,didactic_072,Махи дерижер на заднюю дельту,махи-дерижер-на-заднюю-дельту,alias_exact_key,normalizedExercise.video_url,https://ac22cf36-390e-4f3a-b58f-98eb399f6f3b.selstorage.ru/exercises/%D0%BC%D0%B0%D1%85%D0%B8-%D0%B4%D0%B5%D1%80%D0%B8%D0%B6%D0%B5%D1%80-%D0%BD%D0%B0-%D0%B7%D0%B0%D0%B4%D0%BD%D1%8E%D1%8E-%D0%B4%D0%B5%D0%BB%D1%8C%D1%82%D1%83.mp4,alias_used,задняя дельта,/muscle-templates/manual/upper_rear_delt.png,задняя дельта,Горизонтальное отведение,,,,
Изодинамический жим гантелей на 30* скамье,42,didactic_038,Изодинамический жим гантелей на 30* скамье,изодинамический-жим-гантелей-на-30*-скамье,exact_key,normalizedExercise.video_url,https://ac22cf36-390e-4f3a-b58f-98eb399f6f3b.selstorage.ru/exercises/%D0%B8%D0%B7%D0%BE%D0%B4%D0%B8%D0%BD%D0%B0%D0%BC%D0%B8%D1%87%D0%B5%D1%81%D0%BA%D0%B8%D0%B9-%D0%B6%D0%B8%D0%BC-%D0%B3%D0%B0%D0%BD%D1%82%D0%B5%D0%BB%D0%B5%D0%B9-%D0%BD%D0%B0-30-%D1%81%D0%BA%D0%B0%D0%BC%D1%8C%D0%B5.mp4,ok,Верх груди,/muscle-templates/manual/upper_chest_incline.png,Верх груди,Жим,,,,
Изодинамический подъем на бицепс,43,didactic_152,Изодинамиеский подъем на бицепс,изодинамиеский-подъем-на-бицепс,alias_exact_key,normalizedExercise.video_url,https://ac22cf36-390e-4f3a-b58f-98eb399f6f3b.selstorage.ru/exercises/%D0%B8%D0%B7%D0%BE%D0%B4%D0%B8%D0%BD%D0%B0%D0%BC%D0%B8%D0%B5%D1%81%D0%BA%D0%B8%D0%B9-%D0%BF%D0%BE%D0%B4%D1%8A%D0%B5%D0%BC-%D0%BD%D0%B0-%D0%B1%D0%B8%D1%86%D0%B5%D0%BF%D1%81.mp4,alias_used,бицепс,/muscle-templates/manual/upper_biceps_needs_review.jpg,бицепс,сгибание локтя,,,,
Изодинамический подъем на бицепс.,24,didactic_152,Изодинамиеский подъем на бицепс,изодинамиеский-подъем-на-бицепс,alias_exact_key,normalizedExercise.video_url,https://ac22cf36-390e-4f3a-b58f-98eb399f6f3b.selstorage.ru/exercises/%D0%B8%D0%B7%D0%BE%D0%B4%D0%B8%D0%BD%D0%B0%D0%BC%D0%B8%D0%B5%D1%81%D0%BA%D0%B8%D0%B9-%D0%BF%D0%BE%D0%B4%D1%8A%D0%B5%D0%BC-%D0%BD%D0%B0-%D0%B1%D0%B8%D1%86%D0%B5%D0%BF%D1%81.mp4,alias_used,бицепс,/muscle-templates/manual/upper_biceps_needs_review.jpg,бицепс,сгибание локтя,,,,
Калифорнийский жим в смитте,33,didactic_166,Калифорнийский жим в смитте,калифорнийский-жим-в-смитте,exact_key,normalizedExercise.video_url,https://ac22cf36-390e-4f3a-b58f-98eb399f6f3b.selstorage.ru/exercises/%D0%BA%D0%B0%D0%BB%D0%B8%D1%84%D0%BE%D1%80%D0%BD%D0%B8%D0%B9%D1%81%D0%BA%D0%B8%D0%B9-%D0%B6%D0%B8%D0%BC-%D0%B2-%D1%81%D0%BC%D0%B8%D1%82%D1%82%D0%B5.mp4,alias_used,трицепс,/muscle-templates/manual/upper_triceps.png,трицепс,разгибание локтя,,,,
Касания пяток (пресс),86,didactic_132,Касание пяток на пресс,касание-пяток-на-пресс,alias_exact_key,normalizedExercise.video_url,https://ac22cf36-390e-4f3a-b58f-98eb399f6f3b.selstorage.ru/exercises/%D0%BA%D0%B0%D1%81%D0%B0%D0%BD%D0%B8%D0%B5-%D0%BF%D1%8F%D1%82%D0%BE%D0%BA-%D0%BD%D0%B0-%D0%BF%D1%80%D0%B5%D1%81%D1%81.mp4,alias_used,косые мышцы живота,/muscle-templates/manual/core_obliques.png,косые мышцы живота,скручивание,,,,
Классическая планка,44,didactic_135,Классическая планка,классическая-планка,exact_key,normalizedExercise.video_url,https://ac22cf36-390e-4f3a-b58f-98eb399f6f3b.selstorage.ru/exercises/%D0%BA%D0%BB%D0%B0%D1%81%D1%81%D0%B8%D1%87%D0%B5%D1%81%D0%BA%D0%B0%D1%8F-%D0%BF%D0%BB%D0%B0%D0%BD%D0%BA%D0%B0.mp4,alias_used,кор,/muscle-templates/manual/core.png,кор,стабилизация,,,,
Классические выпады.,2,runtime_classic_lunges,Классические выпады,классические-выпады,exact_key,normalizedExercise.video_url,https://ac22cf36-390e-4f3a-b58f-98eb399f6f3b.selstorage.ru/exercises/%D0%B2%D1%8B%D0%BF%D0%B0%D0%B4%D1%8B-%D1%81-%D0%B3%D0%B0%D0%BD%D1%82%D0%B5%D0%BB%D1%8F%D0%BC%D0%B8.mp4,ok,Квадрицепс / ягодицы,/muscle-templates/manual/lower_quads_glutes.png,Квадрицепс / ягодицы,выпад,,,,
Классические отжимания,150,didactic_054,Классические отжимания,классические-отжимания,exact_key,normalizedExercise.video_url,https://ac22cf36-390e-4f3a-b58f-98eb399f6f3b.selstorage.ru/exercises/%D0%BA%D0%BB%D0%B0%D1%81%D1%81%D0%B8%D1%87%D0%B5%D1%81%D0%BA%D0%B8%D0%B5-%D0%BE%D1%82%D0%B6%D0%B8%D0%BC%D0%B0%D0%BD%D0%B8%D1%8F.mp4,ok,Большие грудные,/muscle-templates/manual/upper_chest.jpg,Большие грудные,Жим,,,,
Классические отжимания 10 раз,10,didactic_054,Классические отжимания,классические-отжимания,exact_key,normalizedExercise.video_url,https://ac22cf36-390e-4f3a-b58f-98eb399f6f3b.selstorage.ru/exercises/%D0%BA%D0%BB%D0%B0%D1%81%D1%81%D0%B8%D1%87%D0%B5%D1%81%D0%BA%D0%B8%D0%B5-%D0%BE%D1%82%D0%B6%D0%B8%D0%BC%D0%B0%D0%BD%D0%B8%D1%8F.mp4,ok,Большие грудные,/muscle-templates/manual/upper_chest.jpg,Большие грудные,Жим,,,,
Классический жим в тренажере,212,didactic_042,Классический жим от груди в тренажёре,классический-жим-от-груди-в-тренажере,alias_exact_key,normalizedExercise.video_url,https://ac22cf36-390e-4f3a-b58f-98eb399f6f3b.selstorage.ru/exercises/%D0%BA%D0%BB%D0%B0%D1%81%D1%81%D0%B8%D1%87%D0%B5%D1%81%D0%BA%D0%B8%D0%B9-%D0%B6%D0%B8%D0%BC-%D0%BE%D1%82-%D0%B3%D1%80%D1%83%D0%B4%D0%B8-%D0%B2-%D1%82%D1%80%D0%B5%D0%BD%D0%B0%D0%B6%D0%B5%D1%80%D0%B5.mp4,ok,Большие грудные,/muscle-templates/manual/upper_chest.jpg,Большие грудные,Жим,,,,
Классический подъем на бицепс в кроссовере,86,didactic_149,Классический подъем на бицепс в кроссовере,классический-подъем-на-бицепс-в-кроссовере,exact_key,normalizedExercise.video_url,https://ac22cf36-390e-4f3a-b58f-98eb399f6f3b.selstorage.ru/exercises/%D0%BA%D0%BB%D0%B0%D1%81%D1%81%D0%B8%D1%87%D0%B5%D1%81%D0%BA%D0%B8%D0%B9-%D0%BF%D0%BE%D0%B4%D1%8A%D0%B5%D0%BC-%D0%BD%D0%B0-%D0%B1%D0%B8%D1%86%D0%B5%D0%BF%D1%81-%D0%B2-%D0%BA%D1%80%D0%BE%D1%81%D1%81%D0%BE%D0%B2%D0%B5%D1%80%D0%B5.mp4,alias_used,бицепс,/muscle-templates/manual/upper_biceps_needs_review.jpg,бицепс,сгибание локтя,,,,
Комплекс ЛФК упражнений на плечи,139,didactic_188,Комплекс ЛФК упражнений на плечи,комплекс-лфк-упражнений-на-плечи,alias_exact_key,exerciseCatalogTable.fuzzy:0.75,https://ac22cf36-390e-4f3a-b58f-98eb399f6f3b.selstorage.ru/exercises/%D0%BA%D0%BE%D0%BC%D0%BB%D0%BF%D0%B5%D0%BA%D1%81-%D0%BB%D1%84%D0%BA-%D1%83%D0%BF%D1%80%D0%B0%D0%B6%D0%BD%D0%B5%D0%BD%D0%B8%D0%B9-%D0%BD%D0%B0-%D0%BF%D0%BB%D0%B5%D1%87%D0%B8-%D1%82%D0%B5%D1%85%D0%BD%D0%B8%D0%BA%D0%B0-%D0%B2%D1%8B%D0%BF%D0%BE%D0%BB%D0%BD%D0%B5%D0%BD%D0%B8%D1%8F-%D1%83%D0%BF%D1%80%D0%B0%D0%B6%D0%BD%D0%B5%D0%BD%D0%B8%D0%B9.mp4,ok,Ротаторная манжета плеча,/muscle-templates/manual/upper_rotator_cuff.png,ЛФК,стабилизация плеча / внешняя ротация,,,,
Комплекс ЛФК упражнений на плечи.,285,didactic_188,Комплекс ЛФК упражнений на плечи,комплекс-лфк-упражнений-на-плечи,alias_exact_key,exerciseCatalogTable.fuzzy:0.75,https://ac22cf36-390e-4f3a-b58f-98eb399f6f3b.selstorage.ru/exercises/%D0%BA%D0%BE%D0%BC%D0%BB%D0%BF%D0%B5%D0%BA%D1%81-%D0%BB%D1%84%D0%BA-%D1%83%D0%BF%D1%80%D0%B0%D0%B6%D0%BD%D0%B5%D0%BD%D0%B8%D0%B9-%D0%BD%D0%B0-%D0%BF%D0%BB%D0%B5%D1%87%D0%B8-%D1%82%D0%B5%D1%85%D0%BD%D0%B8%D0%BA%D0%B0-%D0%B2%D1%8B%D0%BF%D0%BE%D0%BB%D0%BD%D0%B5%D0%BD%D0%B8%D1%8F-%D1%83%D0%BF%D1%80%D0%B0%D0%B6%D0%BD%D0%B5%D0%BD%D0%B8%D0%B9.mp4,ok,Ротаторная манжета плеча,/muscle-templates/manual/upper_rotator_cuff.png,ЛФК,стабилизация плеча / внешняя ротация,,,,
Концентрированный подъем на бицепс,43,didactic_157,Концентрированный подъем на бицепс,концентрированный-подъем-на-бицепс,exact_key,normalizedExercise.video_url,https://ac22cf36-390e-4f3a-b58f-98eb399f6f3b.selstorage.ru/exercises/%D0%BA%D0%BE%D0%BD%D1%86%D0%B5%D0%BD%D1%82%D1%80%D0%B8%D1%80%D0%BE%D0%B2%D0%B0%D0%BD%D0%BD%D1%8B%D0%B9-%D0%BF%D0%BE%D0%B4%D1%8A%D0%B5%D0%BC-%D0%BD%D0%B0-%D0%B1%D0%B8%D1%86%D0%B5%D0%BF%D1%81.mp4,alias_used,бицепс,/muscle-templates/manual/upper_biceps_needs_review.jpg,бицепс,сгибание локтя,,,,
Косые скручивания с мячом,83,didactic_128,Косые скручивания с мячом,косые-скручивания-с-мячом,exact_key,normalizedExercise.video_url,https://ac22cf36-390e-4f3a-b58f-98eb399f6f3b.selstorage.ru/exercises/%D0%BA%D0%BE%D1%81%D1%8B%D0%B5-%D1%81%D0%BA%D1%80%D1%83%D1%87%D0%B8%D0%B2%D0%B0%D0%BD%D0%B8%D1%8F-%D1%81-%D0%BC%D1%8F%D1%87%D0%BE%D0%BC.mp4,alias_used,косые мышцы живота,/muscle-templates/manual/core_obliques.png,косые мышцы живота,скручивание,,,,
Латеральная или боковая вытяжка в кроссовере.,119,didactic_034,Латеральная или боковая вытяжка в кроссовере,латеральная-или-боковая-вытяжка-в-кроссовере,alias_exact_key,exerciseCatalogTable.fuzzy:0.80,https://ac22cf36-390e-4f3a-b58f-98eb399f6f3b.selstorage.ru/exercises/%D0%BB%D0%B0%D1%82%D0%B5%D1%80%D0%B0%D0%BB%D1%8C%D0%BD%D0%B0%D1%8F-%D0%B8%D0%BB%D0%B8-%D0%B1%D0%BE%D0%BA%D0%BE%D0%B2%D0%B0%D1%8F-%D0%B2%D1%8B%D1%82%D1%8F%D0%B6%D0%BA%D0%B0-%D0%B2-%D0%BA%D1%80%D0%BE%D1%81%D0%BE%D0%B2%D0%B5%D1%80%D0%B5.mp4,ok,Квадратная мышца поясницы,/muscle-templates/manual/lower_quadratus_lumborum.png,ЛФК,фронтальная плоскость,,,,
Латеральные или боковые зашагивания,98,didactic_095,Латеральные или боковые зашагивания,латеральные-или-боковые-зашагивания,exact_key,normalizedExercise.video_url,https://ac22cf36-390e-4f3a-b58f-98eb399f6f3b.selstorage.ru/exercises/%D0%BB%D0%B0%D1%82%D0%B5%D1%80%D0%B0%D0%BB%D1%8C%D0%BD%D1%8B%D0%B5-%D0%B8%D0%BB%D0%B8-%D0%B1%D0%BE%D0%BA%D0%BE%D0%B2%D1%8B%D0%B5-%D0%B7%D0%B0%D1%88%D0%B0%D0%B3%D0%B8%D0%B2%D0%B0%D0%BD%D0%B8%D1%8F.mp4,alias_used,ягодицы,/muscle-templates/manual/lower_glute_maximus.png,ягодицы,латеральное зашагивание,,,,
Латеральные или боковые зашагивания 10 раз,8,didactic_095,Латеральные или боковые зашагивания,латеральные-или-боковые-зашагивания,exact_key,normalizedExercise.video_url,https://ac22cf36-390e-4f3a-b58f-98eb399f6f3b.selstorage.ru/exercises/%D0%BB%D0%B0%D1%82%D0%B5%D1%80%D0%B0%D0%BB%D1%8C%D0%BD%D1%8B%D0%B5-%D0%B8%D0%BB%D0%B8-%D0%B1%D0%BE%D0%BA%D0%BE%D0%B2%D1%8B%D0%B5-%D0%B7%D0%B0%D1%88%D0%B0%D0%B3%D0%B8%D0%B2%D0%B0%D0%BD%D0%B8%D1%8F.mp4,alias_used,ягодицы,/muscle-templates/manual/lower_glute_maximus.png,ягодицы,латеральное зашагивание,,,,
Латеральные или боковые зашагивания 12 раз,1,didactic_095,Латеральные или боковые зашагивания,латеральные-или-боковые-зашагивания,exact_key,normalizedExercise.video_url,https://ac22cf36-390e-4f3a-b58f-98eb399f6f3b.selstorage.ru/exercises/%D0%BB%D0%B0%D1%82%D0%B5%D1%80%D0%B0%D0%BB%D1%8C%D0%BD%D1%8B%D0%B5-%D0%B8%D0%BB%D0%B8-%D0%B1%D0%BE%D0%BA%D0%BE%D0%B2%D1%8B%D0%B5-%D0%B7%D0%B0%D1%88%D0%B0%D0%B3%D0%B8%D0%B2%D0%B0%D0%BD%D0%B8%D1%8F.mp4,alias_used,ягодицы,/muscle-templates/manual/lower_glute_maximus.png,ягодицы,латеральное зашагивание,,,,
Латеральные или боковые зашагивания 15 раз,2,didactic_095,Латеральные или боковые зашагивания,латеральные-или-боковые-зашагивания,exact_key,normalizedExercise.video_url,https://ac22cf36-390e-4f3a-b58f-98eb399f6f3b.selstorage.ru/exercises/%D0%BB%D0%B0%D1%82%D0%B5%D1%80%D0%B0%D0%BB%D1%8C%D0%BD%D1%8B%D0%B5-%D0%B8%D0%BB%D0%B8-%D0%B1%D0%BE%D0%BA%D0%BE%D0%B2%D1%8B%D0%B5-%D0%B7%D0%B0%D1%88%D0%B0%D0%B3%D0%B8%D0%B2%D0%B0%D0%BD%D0%B8%D1%8F.mp4,alias_used,ягодицы,/muscle-templates/manual/lower_glute_maximus.png,ягодицы,латеральное зашагивание,,,,
Латеральные или боковые зашагивания 8 раз,1,didactic_095,Латеральные или боковые зашагивания,латеральные-или-боковые-зашагивания,exact_key,normalizedExercise.video_url,https://ac22cf36-390e-4f3a-b58f-98eb399f6f3b.selstorage.ru/exercises/%D0%BB%D0%B0%D1%82%D0%B5%D1%80%D0%B0%D0%BB%D1%8C%D0%BD%D1%8B%D0%B5-%D0%B8%D0%BB%D0%B8-%D0%B1%D0%BE%D0%BA%D0%BE%D0%B2%D1%8B%D0%B5-%D0%B7%D0%B0%D1%88%D0%B0%D0%B3%D0%B8%D0%B2%D0%B0%D0%BD%D0%B8%D1%8F.mp4,alias_used,ягодицы,/muscle-templates/manual/lower_glute_maximus.png,ягодицы,латеральное зашагивание,,,,
Махи гантелями,14,didactic_074,Махи гантелями стоя,махи-гантелями-стоя,alias_exact_key,normalizedExercise.video_url,https://ac22cf36-390e-4f3a-b58f-98eb399f6f3b.selstorage.ru/exercises/%D0%BC%D0%B0%D1%85%D0%B8-%D0%B3%D0%B0%D0%BD%D1%82%D0%B5%D0%BB%D1%8F%D0%BC%D0%B8-%D1%81%D1%82%D0%BE%D1%8F.mp4,alias_used,средняя дельта,/muscle-templates/manual/upper_lateral_delt.png,средняя дельта,Отведение плеча,,,,
Махи на заднюю дельту на скамье 30*,56,didactic_071,Махи на заднюю дельту на 30* скамье,махи-на-заднюю-дельту-на-30*-скамье,alias_exact_key,normalizedExercise.video_url,https://ac22cf36-390e-4f3a-b58f-98eb399f6f3b.selstorage.ru/exercises/%D0%BC%D0%B0%D1%85%D0%B8-%D0%BD%D0%B0-%D0%B7%D0%B0%D0%B4%D0%BD%D1%8E%D1%8E-%D0%B4%D0%B5%D0%BB%D1%8C%D1%82%D1%83-%D0%BD%D0%B0-30-%D1%81%D0%BA%D0%B0%D0%BC%D1%8C%D0%B5.mp4,alias_used,задняя дельта,/muscle-templates/manual/upper_rear_delt.png,задняя дельта,Горизонтальное отведение,,,,
"Махи на плечи в кроссовере, тросс сзади.",31,didactic_059,"Махи на плечи в кроссовере, тросс сзади",махи-на-плечи-в-кроссовере-тросс-сзади,exact_key,normalizedExercise.video_url,https://ac22cf36-390e-4f3a-b58f-98eb399f6f3b.selstorage.ru/exercises/%D0%BC%D0%B0%D1%85%D0%B8-%D0%BD%D0%B0-%D0%BF%D0%BB%D0%B5%D1%87%D0%B8-%D0%B2-%D0%BA%D1%80%D0%BE%D1%81%D1%81%D0%BE%D0%B2%D0%B5%D1%80%D0%B5-%D1%82%D1%80%D0%BE%D1%81%D1%81-%D1%81%D0%B7%D0%B0%D0%B4%D0%B8.mp4,alias_used,средняя дельта,/muscle-templates/manual/upper_lateral_delt.png,средняя дельта,Отведение плеча,,,,
Махи на скамье под 45* на плечи,46,didactic_061,Махи на скамье под 45*,махи-на-скамье-под-45*,contains,normalizedExercise.video_url,https://ac22cf36-390e-4f3a-b58f-98eb399f6f3b.selstorage.ru/exercises/%D0%BC%D0%B0%D1%85%D0%B8-%D0%BD%D0%B0-%D1%81%D0%BA%D0%B0%D0%BC%D1%8C%D0%B5-%D0%BF%D0%BE%D0%B4-45.mp4,alias_used,задняя дельта,/muscle-templates/manual/upper_rear_delt.png,задняя дельта,отведение плеча,,,,
Махи на ягодицы в кроссовере.,93,didactic_109,Махи на ягодицы в кроссовере,махи-на-ягодицы-в-кроссовере,exact_key,normalizedExercise.video_url,https://ac22cf36-390e-4f3a-b58f-98eb399f6f3b.selstorage.ru/exercises/%D0%BC%D0%B0%D1%85%D0%B8-%D0%BD%D0%B0-%D1%8F%D0%B3%D0%BE%D0%B4%D0%B8%D1%86%D1%8B-%D0%B2-%D0%BA%D1%80%D0%BE%D1%81%D1%81%D0%BE%D0%B2%D0%B5%D1%80%D0%B5.mp4,alias_used,ягодицы,/muscle-templates/manual/lower_glute_maximus.png,ягодицы,разгибание бедра,,,,
Мертвая тяга,513,didactic_112,Мёртвая тяга,мертвая-тяга,exact_key,normalizedExercise.video_url,https://ac22cf36-390e-4f3a-b58f-98eb399f6f3b.selstorage.ru/exercises/%D0%BC%D0%B5%D1%80%D1%82%D0%B2%D0%B0%D1%8F-%D1%82%D1%8F%D0%B3%D0%B0.mp4,alias_used,бицепс бедра,/muscle-templates/manual/lower_hamstrings.png,бицепс бедра,разгибание таза,,,,
Мертвая тяга 12 раз,1,didactic_112,Мёртвая тяга,мертвая-тяга,exact_key,normalizedExercise.video_url,https://ac22cf36-390e-4f3a-b58f-98eb399f6f3b.selstorage.ru/exercises/%D0%BC%D0%B5%D1%80%D1%82%D0%B2%D0%B0%D1%8F-%D1%82%D1%8F%D0%B3%D0%B0.mp4,alias_used,бицепс бедра,/muscle-templates/manual/lower_hamstrings.png,бицепс бедра,разгибание таза,,,,
"Молотки, подъем на бицепс.",99,didactic_159,"Молотки, подъем на бицепс",молотки-подъем-на-бицепс,exact_key,normalizedExercise.video_url,https://ac22cf36-390e-4f3a-b58f-98eb399f6f3b.selstorage.ru/exercises/%D0%BC%D0%BE%D0%BB%D0%BE%D1%82%D0%BA%D0%B8-%D0%BF%D0%BE%D0%B4%D1%8A%D0%B5%D0%BC-%D0%BD%D0%B0-%D0%B1%D0%B8%D1%86%D0%B5%D0%BF%D1%81.mp4,alias_used,бицепс,/muscle-templates/manual/upper_biceps_needs_review.jpg,бицепс,сгибание локтя,,,,
Молотковые сгибания на бицепс с канатной рукояткой,40,didactic_147,Молотковые сгибание на бицепс с канатной рукояткой в кроссовере,молотковые-сгибание-на-бицепс-с-канатной-рукояткой-в-кроссовере,alias_exact_key,normalizedExercise.video_url,https://ac22cf36-390e-4f3a-b58f-98eb399f6f3b.selstorage.ru/exercises/%D0%BC%D0%BE%D0%BB%D0%BE%D1%82%D0%BA%D0%BE%D0%B2%D1%8B%D0%B5-%D1%81%D0%B3%D0%B8%D0%B1%D0%B0%D0%BD%D0%B8%D0%B5-%D0%BD%D0%B0-%D0%B1%D0%B8%D1%86%D0%B5%D0%BF%D1%81-%D1%81-%D0%BA%D0%B0%D0%BD%D0%B0%D1%82%D0%BD%D0%BE%D0%B9-%D1%80%D1%83%D0%BA%D0%BE%D1%8F%D1%82%D0%BA%D0%BE%D0%B9-%D0%B2-%D0%BA%D1%80%D0%BE%D1%81%D1%81%D0%BE%D0%B2%D0%B5%D1%80%D0%B5.mp4,alias_used,бицепс,/muscle-templates/manual/upper_biceps_needs_review.jpg,бицепс,сгибание локтя,,,,
Молотковые сгибания с канатной рукоятью в кроссовере,6,didactic_147,Молотковые сгибание на бицепс с канатной рукояткой в кроссовере,молотковые-сгибание-на-бицепс-с-канатной-рукояткой-в-кроссовере,alias_exact_key,normalizedExercise.video_url,https://ac22cf36-390e-4f3a-b58f-98eb399f6f3b.selstorage.ru/exercises/%D0%BC%D0%BE%D0%BB%D0%BE%D1%82%D0%BA%D0%BE%D0%B2%D1%8B%D0%B5-%D1%81%D0%B3%D0%B8%D0%B1%D0%B0%D0%BD%D0%B8%D0%B5-%D0%BD%D0%B0-%D0%B1%D0%B8%D1%86%D0%B5%D0%BF%D1%81-%D1%81-%D0%BA%D0%B0%D0%BD%D0%B0%D1%82%D0%BD%D0%BE%D0%B9-%D1%80%D1%83%D0%BA%D0%BE%D1%8F%D1%82%D0%BA%D0%BE%D0%B9-%D0%B2-%D0%BA%D1%80%D0%BE%D1%81%D1%81%D0%BE%D0%B2%D0%B5%D1%80%D0%B5.mp4,alias_used,бицепс,/muscle-templates/manual/upper_biceps_needs_review.jpg,бицепс,сгибание локтя,,,,
Обратные отжимания,135,didactic_185,Обратные отжимания,обратные-отжимания,exact_key,normalizedExercise.video_url,https://ac22cf36-390e-4f3a-b58f-98eb399f6f3b.selstorage.ru/exercises/%D0%BE%D0%B1%D1%80%D0%B0%D1%82%D0%BD%D1%8B%D0%B5-%D0%BE%D1%82%D0%B6%D0%B8%D0%BC%D0%B0%D0%BD%D0%B8%D1%8F.mp4,alias_used,трицепс,/muscle-templates/manual/upper_triceps.png,трицепс,разгибание локтя,,,,
Обратный гак присед,134,didactic_100,Обратный Гак присед,обратный-гак-присед,exact_key,exerciseCatalogTable.exact,https://ac22cf36-390e-4f3a-b58f-98eb399f6f3b.selstorage.ru/%D0%9E%D0%B1%D1%80%D0%B0%D1%82%D0%BD%D1%8B%D0%B9%20%D0%93%D0%B0%D0%BA%20%D0%BF%D1%80%D0%B8%D1%81%D0%B5%D0%B4.mp4,alias_used,квадрицепс,/muscle-templates/manual/lower_quads.png,квадрицепс,приседание,,,,
Отжимания в смитте,124,runtime_smith_pushups,Отжимания в смитте,отжимания-в-смитте,exact_key,normalizedExercise.video_url,https://ac22cf36-390e-4f3a-b58f-98eb399f6f3b.selstorage.ru/exercises/%D0%BE%D1%82%D0%B6%D0%B8%D0%BC%D0%B0%D0%BD%D0%B8%D1%8F-%D0%B2-%D1%82%D1%80%D0%B5%D0%BD%D0%B0%D0%B6%D0%B5%D1%80%D0%B5-%D1%81%D0%BC%D0%B8%D1%82%D1%82%D0%B0.mp4,ok,Грудные / трицепс,/muscle-templates/manual/upper_chest_triceps.jpg,Грудные / трицепс,горизонтальный жим / отжимание,,,,
Отжимания на брусьях,17,didactic_175,Отжимания на брусьях,отжимания-на-брусьях,exact_key,normalizedExercise.video_url,https://ac22cf36-390e-4f3a-b58f-98eb399f6f3b.selstorage.ru/exercises/%D0%BE%D1%82%D0%B6%D0%B8%D0%BC%D0%B0%D0%BD%D0%B8%D1%8F-%D0%BD%D0%B0-%D0%B1%D1%80%D1%83%D1%81%D1%8C%D1%8F%D1%85.mp4,alias_used,трицепс,/muscle-templates/manual/upper_triceps.png,трицепс,разгибание локтя,,,,
Отжимания на брусьях в гравитроне,74,didactic_173,Отжимания на брусьях в гравитроне,отжимания-на-брусьях-в-гравитроне,exact_key,normalizedExercise.video_url,https://ac22cf36-390e-4f3a-b58f-98eb399f6f3b.selstorage.ru/exercises/%D0%BE%D1%82%D0%B6%D0%B8%D0%BC%D0%B0%D0%BD%D0%B8%D1%8F-%D0%BD%D0%B0-%D0%B1%D1%80%D1%83%D1%81%D1%8C%D1%8F%D1%85-%D0%B2-%D0%B3%D1%80%D0%B0%D0%B2%D0%B8%D1%82%D1%80%D0%BE%D0%BD%D0%B5.mp4,alias_used,трицепс,/muscle-templates/manual/upper_triceps.png,трицепс,разгибание локтя,,,,
Отжимания с гантелей на трицепс,8,didactic_177,Отжимания с гантелей на трицепс,отжимания-с-гантелей-на-трицепс,exact_key,normalizedExercise.video_url,https://ac22cf36-390e-4f3a-b58f-98eb399f6f3b.selstorage.ru/exercises/%D0%BE%D1%82%D0%B6%D0%B8%D0%BC%D0%B0%D0%BD%D0%B8%D1%8F-%D1%81-%D0%B3%D0%B0%D0%BD%D1%82%D0%B5%D0%BB%D0%B5%D0%B9-%D0%BD%D0%B0-%D1%82%D1%80%D0%B8%D1%86%D0%B5%D0%BF%D1%81-%D1%82%D0%B5%D1%85%D0%BD%D0%B8%D0%BA%D0%B0-%D0%B2%D1%8B%D0%BF%D0%BE%D0%BB%D0%BD%D0%B5%D0%BD%D0%B8%D1%8F-%D1%83%D0%BF%D1%80%D0%B0%D0%B6%D0%BD%D0%B5%D0%BD%D0%B8%D0%B9.mp4,alias_used,трицепс,/muscle-templates/manual/upper_triceps.png,трицепс,разгибание локтя,,,,
Отжимания узким хватом,45,didactic_178,Отжимания узким хватом,отжимания-узким-хватом,exact_key,normalizedExercise.video_url,https://ac22cf36-390e-4f3a-b58f-98eb399f6f3b.selstorage.ru/exercises/%D0%BE%D1%82%D0%B6%D0%B8%D0%BC%D0%B0%D0%BD%D0%B8%D1%8F-%D1%83%D0%B7%D0%BA%D0%B8%D0%BC-%D1%85%D0%B2%D0%B0%D1%82%D0%BE%D0%BC.mp4,alias_used,трицепс,/muscle-templates/manual/upper_triceps.png,трицепс,разгибание локтя,,,,
Паучьи сгибания молотковым хватом,2,didactic_155,Паучьи сгибания молотковым хватом,паучьи-сгибания-молотковым-хватом,exact_key,normalizedExercise.video_url,https://ac22cf36-390e-4f3a-b58f-98eb399f6f3b.selstorage.ru/exercises/%D0%BF%D0%B0%D1%83%D1%87%D1%8C%D0%B8-%D1%81%D0%B3%D0%B8%D0%B1%D0%B0%D0%BD%D0%B8%D1%8F-%D0%BC%D0%BE%D0%BB%D0%BE%D1%82%D0%BA%D0%BE%D0%B2%D1%8B%D0%BC-%D1%85%D0%B2%D0%B0%D1%82%D0%BE%D0%BC.mp4,alias_used,бицепс,/muscle-templates/manual/upper_biceps_needs_review.jpg,бицепс,сгибание локтя,,,,
Паучьи сгибания с гантелями,18,didactic_156,Паучьи сгибания,паучьи-сгибания,contains,normalizedExercise.video_url,https://ac22cf36-390e-4f3a-b58f-98eb399f6f3b.selstorage.ru/exercises/%D0%BF%D0%B0%D1%83%D1%87%D1%8C%D0%B8-%D1%81%D0%B3%D0%B8%D0%B1%D0%B0%D0%BD%D0%B8%D1%8F.mp4,alias_used,бицепс,/muscle-templates/manual/upper_biceps_needs_review.jpg,бицепс,сгибание локтя,,,,
Планка на босу,13,didactic_126,Планка на босу,планка-на-босу,exact_key,normalizedExercise.video_url,https://ac22cf36-390e-4f3a-b58f-98eb399f6f3b.selstorage.ru/exercises/%D0%BF%D0%BB%D0%B0%D0%BD%D0%BA%D0%B0-%D0%BD%D0%B0-%D0%B1%D0%BE%D1%81%D1%83.mp4,alias_used,кор,/muscle-templates/manual/core.png,кор,стабилизация,,,,
Планка на босу под ногами,86,didactic_127,Планка на босу под ногами,планка-на-босу-под-ногами,exact_key,normalizedExercise.video_url,https://ac22cf36-390e-4f3a-b58f-98eb399f6f3b.selstorage.ru/exercises/%D0%BF%D0%BB%D0%B0%D0%BD%D0%BA%D0%B0-%D0%BD%D0%B0-%D0%B1%D0%BE%D1%81%D1%83-%D0%BF%D0%BE%D0%B4-%D0%BD%D0%BE%D0%B3%D0%B0%D0%BC%D0%B8.mp4,alias_used,кор,/muscle-templates/manual/core.png,кор,стабилизация,,,,
Планка на фитболе,52,didactic_119,Планка на фитболе под ногами,планка-на-фитболе-под-ногами,alias_exact_key,normalizedExercise.video_url,https://ac22cf36-390e-4f3a-b58f-98eb399f6f3b.selstorage.ru/exercises/%D0%BF%D0%BB%D0%B0%D0%BD%D0%BA%D0%B0-%D0%BD%D0%B0-%D1%84%D0%B8%D1%82%D0%B1%D0%BE%D0%BB%D0%B5-%D0%BF%D0%BE%D0%B4-%D0%BD%D0%BE%D0%B3%D0%B0%D0%BC%D0%B8.mp4,alias_used,кор,/muscle-templates/manual/core.png,кор,стабилизация,,,,
Планка на фитболе под руками,94,didactic_125,Планка на фитболе под руками,планка-на-фитболе-под-руками,exact_key,normalizedExercise.video_url,https://ac22cf36-390e-4f3a-b58f-98eb399f6f3b.selstorage.ru/exercises/%D0%BF%D0%BB%D0%B0%D0%BD%D0%BA%D0%B0-%D0%BD%D0%B0-%D1%84%D0%B8%D1%82%D0%B1%D0%BE%D0%BB%D0%B5-%D0%BF%D0%BE%D0%B4-%D1%80%D1%83%D0%BA%D0%B0%D0%BC%D0%B8.mp4,alias_used,кор,/muscle-templates/manual/core.png,кор,стабилизация,,,,
Планка с перестановкой ног,79,didactic_137,Планка с перестановкой ног,планка-с-перестановкой-ног,exact_key,normalizedExercise.video_url,https://ac22cf36-390e-4f3a-b58f-98eb399f6f3b.selstorage.ru/exercises/%D0%BF%D0%BB%D0%B0%D0%BD%D0%BA%D0%B0-%D1%81-%D0%BF%D0%B5%D1%80%D0%B5%D1%81%D1%82%D0%B0%D0%BD%D0%BE%D0%B2%D0%BA%D0%BE%D0%B9-%D0%BD%D0%BE%D0%B3.mp4,alias_used,кор,/muscle-templates/manual/core.png,кор,стабилизация,,,,
Плеометрический гак присед,17,didactic_098,Плеометрический ГАК,плеометрический-гак,alias_exact_key,normalizedExercise.video_url,https://ac22cf36-390e-4f3a-b58f-98eb399f6f3b.selstorage.ru/exercises/%D0%BF%D0%BB%D0%B5%D0%BE%D0%BC%D0%B5%D1%82%D1%80%D0%B8%D1%87%D0%B5%D1%81%D0%BA%D0%B8%D0%B9-%D0%B3%D0%B0%D0%BA.mp4,alias_used,квадрицепс,/muscle-templates/manual/lower_quads.png,квадрицепс,плиометрическое приседание,,,,
Подтягивания в гравитроне обратным хватом,1,didactic_008,Подтягивания в гравитроне обратным хватом,подтягивания-в-гравитроне-обратным-хватом,exact_key,normalizedExercise.video_url,https://ac22cf36-390e-4f3a-b58f-98eb399f6f3b.selstorage.ru/exercises/%D0%BF%D0%BE%D0%B4%D1%82%D1%8F%D0%B3%D0%B8%D0%B2%D0%B0%D0%BD%D0%B8%D1%8F-%D0%B2-%D0%B3%D1%80%D0%B0%D0%B2%D0%B8%D1%82%D1%80%D0%BE%D0%BD%D0%B5-%D0%BE%D0%B1%D1%80%D0%B0%D1%82%D0%BD%D1%8B%D0%BC-%D1%85%D0%B2%D0%B0%D1%82%D0%BE%D0%BC.mp4,alias_used,широчайшие,/muscle-templates/manual/upper_lats.png,широчайшие,вертикальная тяга,,,,
Подтягивания в гравитроне параллельным хватом,32,didactic_009,Подтягивания в гравитроне параллельным хватом,подтягивания-в-гравитроне-параллельным-хватом,exact_key,normalizedExercise.video_url,https://ac22cf36-390e-4f3a-b58f-98eb399f6f3b.selstorage.ru/exercises/%D0%BF%D0%BE%D0%B4%D1%82%D1%8F%D0%B3%D0%B8%D0%B2%D0%B0%D0%BD%D0%B8%D1%8F-%D0%B2-%D0%B3%D1%80%D0%B0%D0%B2%D0%B8%D1%82%D1%80%D0%BE%D0%BD%D0%B5-%D0%BF%D0%B0%D1%80%D0%B0%D0%BB%D0%BB%D0%B5%D0%BB%D1%8C%D0%BD%D1%8B%D0%BC-%D1%85%D0%B2%D0%B0%D1%82%D0%BE%D0%BC.mp4,alias_used,широчайшие,/muscle-templates/manual/upper_lats.png,широчайшие,вертикальная тяга,,,,
Подтягивания в гравитроне широким хватом,27,didactic_010,Подтягивания в гравитроне широким хватом,подтягивания-в-гравитроне-широким-хватом,exact_key,normalizedExercise.video_url,https://ac22cf36-390e-4f3a-b58f-98eb399f6f3b.selstorage.ru/exercises/%D0%BF%D0%BE%D0%B4%D1%82%D1%8F%D0%B3%D0%B8%D0%B2%D0%B0%D0%BD%D0%B8%D1%8F-%D0%B2-%D0%B3%D1%80%D0%B0%D0%B2%D0%B8%D1%82%D1%80%D0%BE%D0%BD%D0%B5-%D1%88%D0%B8%D1%80%D0%BE%D0%BA%D0%B8%D0%BC-%D1%85%D0%B2%D0%B0%D1%82%D0%BE%D0%BC.mp4,alias_used,широчайшие,/muscle-templates/manual/upper_lats.png,широчайшие,вертикальная тяга,,,,
Подтягивания обратным хватом,27,didactic_005,Подтягивания обратным хватом,подтягивания-обратным-хватом,exact_key,normalizedExercise.video_url,https://ac22cf36-390e-4f3a-b58f-98eb399f6f3b.selstorage.ru/exercises/%D0%BF%D0%BE%D0%B4%D1%82%D1%8F%D0%B3%D0%B8%D0%B2%D0%B0%D0%BD%D0%B8%D1%8F-%D0%BE%D0%B1%D1%80%D0%B0%D1%82%D0%BD%D1%8B%D0%BC-%D1%85%D0%B2%D0%B0%D1%82%D0%BE%D0%BC.mp4,alias_used,широчайшие,/muscle-templates/manual/upper_lats.png,широчайшие,вертикальная тяга,,,,
Подтягивания параллельным хватом,13,didactic_006,Подтягивания параллельным хватом,подтягивания-параллельным-хватом,exact_key,normalizedExercise.video_url,https://ac22cf36-390e-4f3a-b58f-98eb399f6f3b.selstorage.ru/exercises/%D0%BF%D0%BE%D0%B4%D1%82%D1%8F%D0%B3%D0%B8%D0%B2%D0%B0%D0%BD%D0%B8%D1%8F-%D0%BF%D0%B0%D1%80%D0%B0%D0%BB%D0%BB%D0%B5%D0%BB%D1%8C%D0%BD%D1%8B%D0%BC-%D1%85%D0%B2%D0%B0%D1%82%D0%BE%D0%BC.mp4,alias_used,широчайшие,/muscle-templates/manual/upper_lats.png,широчайшие,вертикальная тяга,,,,
Подтягивания широким хватом,48,didactic_007,Подтягивания широким хватом,подтягивания-широким-хватом,exact_key,normalizedExercise.video_url,https://ac22cf36-390e-4f3a-b58f-98eb399f6f3b.selstorage.ru/exercises/%D0%BF%D0%BE%D0%B4%D1%82%D1%8F%D0%B3%D0%B8%D0%B2%D0%B0%D0%BD%D0%B8%D1%8F-%D1%88%D0%B8%D1%80%D0%BE%D0%BA%D0%B8%D0%BC-%D1%85%D0%B2%D0%B0%D1%82%D0%BE%D0%BC.mp4,alias_used,широчайшие,/muscle-templates/manual/upper_lats.png,широчайшие,вертикальная тяга,,,,
Подъем на бицепс в тренажере для гребной тяги,22,didactic_145,Подъем на бицепс в тренажёре для гребной тяги,подъем-на-бицепс-в-тренажере-для-гребной-тяги,exact_key,normalizedExercise.video_url,https://ac22cf36-390e-4f3a-b58f-98eb399f6f3b.selstorage.ru/exercises/%D0%BF%D0%BE%D0%B4%D1%8A%D0%B5%D0%BC-%D0%BD%D0%B0-%D0%B1%D0%B8%D1%86%D0%B5%D0%BF%D1%81-%D0%B2-%D1%82%D1%80%D0%B5%D0%BD%D0%B0%D0%B6%D0%B5%D1%80%D0%B5-%D0%B4%D0%BB%D1%8F-%D0%B3%D1%80%D0%B5%D0%B1%D0%BD%D0%BE%D0%B9-%D1%82%D1%8F%D0%B3%D0%B8.mp4,alias_used,бицепс,/muscle-templates/manual/upper_biceps_needs_review.jpg,бицепс,сгибание локтя,,,,
Подъем на бицепс гантелей стоя.,15,didactic_162,Подъем на бицепс гантелей стоя,подъем-на-бицепс-гантелей-стоя,exact_key,normalizedExercise.video_url,https://ac22cf36-390e-4f3a-b58f-98eb399f6f3b.selstorage.ru/exercises/%D0%BF%D0%BE%D0%B4%D1%8A%D0%B5%D0%BC-%D0%BD%D0%B0-%D0%B1%D0%B8%D1%86%D0%B5%D0%BF%D1%81-%D0%B3%D0%B0%D0%BD%D1%82%D0%B5%D0%BB%D0%B5%D0%B9-%D1%81%D1%82%D0%BE%D1%8F.mp4,alias_used,бицепс,/muscle-templates/manual/upper_biceps_needs_review.jpg,бицепс,сгибание локтя,,,,
Подъем на бицепс на наклонной скамье под 45*,106,didactic_158,Подъем на бицепс на наклонной скамье под 45*,подъем-на-бицепс-на-наклонной-скамье-под-45*,exact_key,normalizedExercise.video_url,https://ac22cf36-390e-4f3a-b58f-98eb399f6f3b.selstorage.ru/exercises/%D0%BF%D0%BE%D0%B4%D1%8A%D0%B5%D0%BC-%D0%BD%D0%B0-%D0%B1%D0%B8%D1%86%D0%B5%D0%BF%D1%81-%D0%BD%D0%B0-%D0%BD%D0%B0%D0%BA%D0%BB%D0%BE%D0%BD%D0%BD%D0%BE%D0%B9-%D1%81%D0%BA%D0%B0%D0%BC%D1%8C%D0%B5-%D0%BF%D0%BE%D0%B4-45.mp4,alias_used,бицепс,/muscle-templates/manual/upper_biceps_needs_review.jpg,бицепс,сгибание локтя,,,,
Подъем на бицепс обратным хватом в кроссовере,14,didactic_148,Подъем на бицепс обратным хватом,подъем-на-бицепс-обратным-хватом,contains,normalizedExercise.video_url,https://ac22cf36-390e-4f3a-b58f-98eb399f6f3b.selstorage.ru/exercises/%D0%BF%D0%BE%D0%B4%D1%8A%D0%B5%D0%BC-%D0%BD%D0%B0-%D0%B1%D0%B8%D1%86%D0%B5%D0%BF%D1%81-%D0%BE%D0%B1%D1%80%D0%B0%D1%82%D0%BD%D1%8B%D0%BC-%D1%85%D0%B2%D0%B0%D1%82%D0%BE%D0%BC.mp4,alias_used,бицепс,/muscle-templates/manual/upper_biceps_needs_review.jpg,бицепс,сгибание локтя,,,,
Подъем на бицепс с гантелями сидя,41,didactic_162,Подъем на бицепс гантелей стоя,подъем-на-бицепс-гантелей-стоя,alias_exact_key,normalizedExercise.video_url,https://ac22cf36-390e-4f3a-b58f-98eb399f6f3b.selstorage.ru/exercises/%D0%BF%D0%BE%D0%B4%D1%8A%D0%B5%D0%BC-%D0%BD%D0%B0-%D0%B1%D0%B8%D1%86%D0%B5%D0%BF%D1%81-%D0%B3%D0%B0%D0%BD%D1%82%D0%B5%D0%BB%D0%B5%D0%B9-%D1%81%D1%82%D0%BE%D1%8F.mp4,alias_used,бицепс,/muscle-templates/manual/upper_biceps_needs_review.jpg,бицепс,сгибание локтя,,,,
Подъем на бицепс с резинкой сидя,5,didactic_143,Подъем на бицепс с резинкой сидя,подъем-на-бицепс-с-резинкой-сидя,exact_key,normalizedExercise.video_url,https://ac22cf36-390e-4f3a-b58f-98eb399f6f3b.selstorage.ru/exercises/%D0%BF%D0%BE%D0%B4%D1%8A%D0%B5%D0%BC-%D0%BD%D0%B0-%D0%B1%D0%B8%D1%86%D0%B5%D0%BF%D1%81-%D1%81-%D1%80%D0%B5%D0%B7%D0%B8%D0%BD%D0%BA%D0%BE%D0%B9-%D1%81%D0%B8%D0%B4%D1%8F.mp4,alias_used,бицепс,/muscle-templates/manual/upper_biceps_needs_review.jpg,бицепс,сгибание локтя,,,,
Подъем на бицепс спиной к кроссоверу,11,didactic_146,Подъем на бицепс спиной к кроссоверу,подъем-на-бицепс-спиной-к-кроссоверу,exact_key,normalizedExercise.video_url,https://ac22cf36-390e-4f3a-b58f-98eb399f6f3b.selstorage.ru/exercises/%D0%BF%D0%BE%D0%B4%D1%8A%D0%B5%D0%BC-%D0%BD%D0%B0-%D0%B1%D0%B8%D1%86%D0%B5%D0%BF%D1%81-%D1%81%D0%BF%D0%B8%D0%BD%D0%BE%D0%B9-%D0%BA-%D0%BA%D1%80%D0%BE%D1%81%D1%81%D0%BE%D0%B2%D0%B5%D1%80%D1%83.mp4,alias_used,бицепс,/muscle-templates/manual/upper_biceps_needs_review.jpg,бицепс,сгибание локтя,,,,
Подъем на бицепс широким хватом,58,didactic_163,Подъем на бицепс широким хватом,подъем-на-бицепс-широким-хватом,exact_key,normalizedExercise.video_url,https://ac22cf36-390e-4f3a-b58f-98eb399f6f3b.selstorage.ru/exercises/%D0%BF%D0%BE%D0%B4%D1%8A%D0%B5%D0%BC-%D0%BD%D0%B0-%D0%B1%D0%B8%D1%86%D0%B5%D0%BF%D1%81-%D1%88%D0%B8%D1%80%D0%BE%D0%BA%D0%B8%D0%BC-%D1%85%D0%B2%D0%B0%D1%82%D0%BE%D0%BC.mp4,alias_used,бицепс,/muscle-templates/manual/upper_biceps_needs_review.jpg,бицепс,сгибание локтя,,,,
Подъём на бицепс широким хватом,9,didactic_163,Подъем на бицепс широким хватом,подъем-на-бицепс-широким-хватом,exact_key,normalizedExercise.video_url,https://ac22cf36-390e-4f3a-b58f-98eb399f6f3b.selstorage.ru/exercises/%D0%BF%D0%BE%D0%B4%D1%8A%D0%B5%D0%BC-%D0%BD%D0%B0-%D0%B1%D0%B8%D1%86%D0%B5%D0%BF%D1%81-%D1%88%D0%B8%D1%80%D0%BE%D0%BA%D0%B8%D0%BC-%D1%85%D0%B2%D0%B0%D1%82%D0%BE%D0%BC.mp4,alias_used,бицепс,/muscle-templates/manual/upper_biceps_needs_review.jpg,бицепс,сгибание локтя,,,,
Подъем EZ-штанги на бицепс,64,didactic_160,Подъем EZ-штанги (кривой штанги) на бицепс,подъем-ez-штанги-кривой-штанги-на-бицепс,alias_exact_key,exerciseCatalogTable.fuzzy:1.00,https://ac22cf36-390e-4f3a-b58f-98eb399f6f3b.selstorage.ru/exercises/%D0%BF%D0%BE%D0%B4%D1%8A%D0%B5%D0%BC-ez-%D1%88%D1%82%D0%B0%D0%BD%D0%B3%D0%B8-%D0%BD%D0%B0-%D0%B1%D0%B8%D1%86%D0%B5%D0%BF%D1%81.mp4,alias_used,бицепс,/muscle-templates/manual/upper_biceps_needs_review.jpg,бицепс,сгибание локтя,,,,
Подъемы ног,341,didactic_138,Подъемы ног на пресс,подъемы-ног-на-пресс,alias_exact_key,normalizedExercise.video_url,https://ac22cf36-390e-4f3a-b58f-98eb399f6f3b.selstorage.ru/exercises/%D0%BF%D0%BE%D0%B4%D1%8A%D0%B5%D0%BC%D1%8B-%D0%BD%D0%BE%D0%B3-%D0%BD%D0%B0-%D0%BF%D1%80%D0%B5%D1%81%D1%81.mp4,alias_used,нижний пресс,/muscle-templates/manual/core_rectus_abdominis.png,нижний пресс,подъём ног,,,,
Подъемы ног на скамье для пресса,59,didactic_122,Подъемы ног на скамье для пресса,подъемы-ног-на-скамье-для-пресса,exact_key,normalizedExercise.video_url,https://ac22cf36-390e-4f3a-b58f-98eb399f6f3b.selstorage.ru/exercises/%D0%BF%D0%BE%D0%B4%D1%8A%D0%B5%D0%BC%D1%8B-%D0%BD%D0%BE%D0%B3-%D0%BD%D0%B0-%D1%81%D0%BA%D0%B0%D0%BC%D1%8C%D0%B5-%D0%B4%D0%BB%D1%8F-%D0%BF%D1%80%D0%B5%D1%81%D1%81%D0%B0.mp4,alias_used,прямая мышца живота,/muscle-templates/manual/core_rectus_abdominis.png,прямая мышца живота,подъём ног,,,,
Попеременный подъем на бицепс,8,didactic_153,Попеременный подъем на бицепс,попеременный-подъем-на-бицепс,exact_key,normalizedExercise.video_url,https://ac22cf36-390e-4f3a-b58f-98eb399f6f3b.selstorage.ru/exercises/%D0%BF%D0%BE%D0%BF%D0%B5%D1%80%D0%B5%D0%BC%D0%B5%D0%BD%D0%BD%D1%8B%D0%B9-%D0%BF%D0%BE%D0%B4%D1%8A%D0%B5%D0%BC-%D0%BD%D0%B0-%D0%B1%D0%B8%D1%86%D0%B5%D0%BF%D1%81.mp4,alias_used,бицепс,/muscle-templates/manual/upper_biceps_needs_review.jpg,бицепс,сгибание локтя,,,,
Пресс на босу,240,didactic_130,Пресс на босу,пресс-на-босу,exact_key,normalizedExercise.video_url,https://ac22cf36-390e-4f3a-b58f-98eb399f6f3b.selstorage.ru/exercises/%D0%BF%D1%80%D0%B5%D1%81%D1%81-%D0%BD%D0%B0-%D0%B1%D0%BE%D1%81%D1%83.mp4,alias_used,прямая мышца живота,/muscle-templates/manual/core_rectus_abdominis.png,прямая мышца живота,скручивание,,,,
Присед в смите,11,didactic_087,Приседания в смите,приседания-в-смите,alias_exact_key,normalizedExercise.video_url,https://ac22cf36-390e-4f3a-b58f-98eb399f6f3b.selstorage.ru/exercises/%D0%BF%D1%80%D0%B8%D1%81%D0%B5%D0%B4%D0%B0%D0%BD%D0%B8%D1%8F-%D0%B2-%D1%81%D0%BC%D0%B8%D1%82%D0%B5.mp4,alias_used,квадрицепс,/muscle-templates/manual/lower_quads.png,квадрицепс,приседание,,,,
Присед плие,45,runtime_plie_squat,Присед плие,присед-плие,exact_key,normalizedExercise.video_url,https://ac22cf36-390e-4f3a-b58f-98eb399f6f3b.selstorage.ru/exercises/%D0%BF%D1%80%D0%B8%D1%81%D0%B5%D0%B4-%D1%81-%D1%82%D0%BE%D1%87%D0%BA%D0%BE%D0%B9-%D0%BE%D0%BF%D0%BE%D1%80%D1%8B.mp4,ok,Приводящие / ягодицы,/muscle-templates/manual/lower_adductors_glutes.png,Приводящие / ягодицы,приседание,,,,
Присед с паузой,2,didactic_117,Приседания с паузой,приседания-с-паузой,alias_exact_key,normalizedExercise.video_url,https://ac22cf36-390e-4f3a-b58f-98eb399f6f3b.selstorage.ru/exercises/%D0%BF%D1%80%D0%B8%D1%81%D0%B5%D0%B4%D0%B0%D0%BD%D0%B8%D1%8F-%D1%81-%D0%BF%D0%B0%D1%83%D0%B7%D0%BE%D0%B9-%D1%82%D0%B5%D1%85%D0%BD%D0%B8%D0%BA%D0%B0-%D0%B2%D1%8B%D0%BF%D0%BE%D0%BB%D0%BD%D0%B5%D0%BD%D0%B8%D1%8F-%D1%83%D0%BF%D1%80%D0%B0%D0%B6%D0%BD%D0%B5%D0%BD%D0%B8%D0%B9.mp4,alias_used,квадрицепс,/muscle-templates/manual/lower_quads.png,квадрицепс,приседание,,,,
Приседания в кроссовере,176,didactic_114,Приседание в кроссовере,приседание-в-кроссовере,alias_exact_key,normalizedExercise.video_url,https://ac22cf36-390e-4f3a-b58f-98eb399f6f3b.selstorage.ru/exercises/%D0%BF%D1%80%D0%B8%D1%81%D0%B5%D0%B4%D0%B0%D0%BD%D0%B8%D0%B5-%D0%B2-%D0%BA%D1%80%D0%BE%D1%81%D1%81%D0%BE%D0%B2%D0%B5%D1%80%D0%B5.mp4,alias_used,квадрицепс,/muscle-templates/manual/lower_quads.png,квадрицепс,приседание,,,,
Приседания со штангой,27,didactic_115,Приседания со штангой,приседания-со-штангой,exact_key,normalizedExercise.video_url,https://ac22cf36-390e-4f3a-b58f-98eb399f6f3b.selstorage.ru/exercises/%D0%BF%D1%80%D0%B8%D1%81%D0%B5%D0%B4%D0%B0%D0%BD%D0%B8%D1%8F-%D1%81%D0%BE-%D1%88%D1%82%D0%B0%D0%BD%D0%B3%D0%BE%D0%B9-%D1%82%D0%B5%D1%85%D0%BD%D0%B8%D0%BA%D0%B0-%D0%B2%D1%8B%D0%BF%D0%BE%D0%BB%D0%BD%D0%B5%D0%BD%D0%B8%D1%8F-%D1%83%D0%BF%D1%80%D0%B0%D0%B6%D0%BD%D0%B5%D0%BD%D0%B8%D0%B9.mp4,alias_used,квадрицепс,/muscle-templates/manual/lower_quads.png,квадрицепс,приседание,,,,
Прямые скручивания на пресс,14,didactic_129,Прямые скручивания с мячом,прямые-скручивания-с-мячом,alias_exact_key,normalizedExercise.video_url,https://ac22cf36-390e-4f3a-b58f-98eb399f6f3b.selstorage.ru/exercises/%D0%BF%D1%80%D1%8F%D0%BC%D1%8B%D0%B5-%D1%81%D0%BA%D1%80%D1%83%D1%87%D0%B8%D0%B2%D0%B0%D0%BD%D0%B8%D1%8F-%D1%81-%D0%BC%D1%8F%D1%87%D0%BE%D0%BC.mp4,alias_used,прямая мышца живота,/muscle-templates/manual/core_rectus_abdominis.png,прямая мышца живота,скручивание,,,,
Прямые скручивания с мячом,47,didactic_129,Прямые скручивания с мячом,прямые-скручивания-с-мячом,exact_key,normalizedExercise.video_url,https://ac22cf36-390e-4f3a-b58f-98eb399f6f3b.selstorage.ru/exercises/%D0%BF%D1%80%D1%8F%D0%BC%D1%8B%D0%B5-%D1%81%D0%BA%D1%80%D1%83%D1%87%D0%B8%D0%B2%D0%B0%D0%BD%D0%B8%D1%8F-%D1%81-%D0%BC%D1%8F%D1%87%D0%BE%D0%BC.mp4,alias_used,прямая мышца живота,/muscle-templates/manual/core_rectus_abdominis.png,прямая мышца живота,скручивание,,,,
Пуловер в кроссовере,89,didactic_013,Пуловер в кроссовере,пуловер-в-кроссовере,exact_key,normalizedExercise.video_url,https://ac22cf36-390e-4f3a-b58f-98eb399f6f3b.selstorage.ru/exercises/%D0%BF%D1%83%D0%BB%D0%BE%D0%B2%D0%B5%D1%80-%D0%B2-%D0%BA%D1%80%D0%BE%D1%81%D1%81%D0%BE%D0%B2%D0%B5%D1%80%D0%B5.mp4,alias_used,широчайшие,/muscle-templates/manual/upper_lats.png,широчайшие,вертикальная тяга,,,,
Пуловер с гантелей,2,didactic_011,Пуловер с гантелей,пуловер-с-гантелей,exact_key,normalizedExercise.video_url,https://ac22cf36-390e-4f3a-b58f-98eb399f6f3b.selstorage.ru/exercises/%D0%BF%D1%83%D0%BB%D0%BE%D0%B2%D0%B5%D1%80-%D1%81-%D0%B3%D0%B0%D0%BD%D1%82%D0%B5%D0%BB%D0%B5%D0%B9.mp4,alias_used,широчайшие,/muscle-templates/manual/upper_lats.png,широчайшие,вертикальная тяга,,,,
Пуловер со штангой,87,didactic_012,Пуловер со штангой,пуловер-со-штангой,exact_key,normalizedExercise.video_url,https://ac22cf36-390e-4f3a-b58f-98eb399f6f3b.selstorage.ru/exercises/%D0%BF%D1%83%D0%BB%D0%BE%D0%B2%D0%B5%D1%80-%D1%81%D0%BE-%D1%88%D1%82%D0%B0%D0%BD%D0%B3%D0%BE%D0%B9.mp4,alias_used,широчайшие,/muscle-templates/manual/upper_lats.png,широчайшие,вертикальная тяга,,,,
Разводка под 15*,533,didactic_049,Раводка под 15*,раводка-под-15*,alias_exact_key,normalizedExercise.video_url,https://ac22cf36-390e-4f3a-b58f-98eb399f6f3b.selstorage.ru/exercises/%D1%80%D0%B0%D0%B2%D0%BE%D0%B4%D0%BA%D0%B0-%D0%BF%D0%BE%D0%B4-15.mp4,ok,Верх груди,/muscle-templates/manual/upper_chest_incline.png,Верх груди,Растяжка,,,,
Разгибание на трицепс в наклоне,61,didactic_181,Разгибание на трицепс в наклоне,разгибание-на-трицепс-в-наклоне,exact_key,normalizedExercise.video_url,https://ac22cf36-390e-4f3a-b58f-98eb399f6f3b.selstorage.ru/exercises/%D1%80%D0%B0%D0%B7%D0%B3%D0%B8%D0%B1%D0%B0%D0%BD%D0%B8%D0%B5-%D0%BD%D0%B0-%D1%82%D1%80%D0%B8%D1%86%D0%B5%D0%BF%D1%81-%D0%B2-%D0%BD%D0%B0%D0%BA%D0%BB%D0%BE%D0%BD%D0%B5.mp4,alias_used,трицепс,/muscle-templates/manual/upper_triceps.png,трицепс,разгибание локтя,,,,
Разгибание на трицепс из-за головы,16,didactic_186,Разгибание на трицепс из-за головы,разгибание-на-трицепс-из-за-головы,exact_key,normalizedExercise.video_url,https://ac22cf36-390e-4f3a-b58f-98eb399f6f3b.selstorage.ru/exercises/%D1%80%D0%B0%D0%B7%D0%B3%D0%B8%D0%B1%D0%B0%D0%BD%D0%B8%D0%B5-%D0%BD%D0%B0-%D1%82%D1%80%D0%B8%D1%86%D0%B5%D0%BF%D1%81-%D0%B8%D0%B7-%D0%B7%D0%B0-%D0%B3%D0%BE%D0%BB%D0%BE%D0%B2%D1%8B.mp4,alias_used,трицепс,/muscle-templates/manual/upper_triceps.png,трицепс,разгибание локтя,,,,
Разгибание на трицепс по одной руке в кроссовере,61,didactic_167,Разгибание на трицепс по одной руке в кроссовере,разгибание-на-трицепс-по-одной-руке-в-кроссовере,exact_key,normalizedExercise.video_url,https://ac22cf36-390e-4f3a-b58f-98eb399f6f3b.selstorage.ru/exercises/%D1%80%D0%B0%D0%B7%D0%B3%D0%B8%D0%B1%D0%B0%D0%BD%D0%B8%D0%B5-%D0%BD%D0%B0-%D1%82%D1%80%D0%B8%D1%86%D0%B5%D0%BF%D1%81-%D0%BF%D0%BE-%D0%BE%D0%B4%D0%BD%D0%BE%D0%B9-%D1%80%D1%83%D0%BA%D0%B5-%D0%B2-%D0%BA%D1%80%D0%BE%D1%81%D1%81%D0%BE%D0%B2%D0%B5%D1%80%D0%B5.mp4,alias_used,трицепс,/muscle-templates/manual/upper_triceps.png,трицепс,разгибание локтя,,,,
Разгибание на трицепс с канатной рукоятью,109,didactic_168,Разгибание на трицепс в кроссовере с канатной рукояткой,разгибание-на-трицепс-в-кроссовере-с-канатной-рукояткой,alias_exact_key,normalizedExercise.video_url,https://ac22cf36-390e-4f3a-b58f-98eb399f6f3b.selstorage.ru/exercises/%D1%80%D0%B0%D0%B7%D0%B3%D0%B8%D0%B1%D0%B0%D0%BD%D0%B8%D0%B5-%D0%BD%D0%B0-%D1%82%D1%80%D0%B8%D1%86%D0%B5%D0%BF%D1%81-%D0%B2-%D0%BA%D1%80%D0%BE%D1%81%D1%81%D0%BE%D0%B2%D0%B5%D1%80%D0%B5-%D1%81-%D0%BA%D0%B0%D0%BD%D0%B0%D1%82%D0%BD%D0%BE%D0%B9-%D1%80%D1%83%D0%BA%D0%BE%D1%8F%D1%82%D0%BA%D0%BE%D0%B9.mp4,alias_used,трицепс,/muscle-templates/manual/upper_triceps.png,трицепс,разгибание локтя,,,,
Разгибание ног,224,didactic_113,Разгибание ног,разгибание-ног,exact_key,exerciseCatalogTable.exact,https://ac22cf36-390e-4f3a-b58f-98eb399f6f3b.selstorage.ru/%D0%A0%D0%B0%D0%B7%D0%B3%D0%B8%D0%B1%D0%B0%D0%BD%D0%B8%D0%B5%20%D0%BD%D0%BE%D0%B3.mp4,alias_used,квадрицепс,/muscle-templates/manual/lower_quads.png,квадрицепс,разгибание колена,,,,
Разгибание ног 10 раз,9,didactic_113,Разгибание ног,разгибание-ног,exact_key,exerciseCatalogTable.exact,https://ac22cf36-390e-4f3a-b58f-98eb399f6f3b.selstorage.ru/%D0%A0%D0%B0%D0%B7%D0%B3%D0%B8%D0%B1%D0%B0%D0%BD%D0%B8%D0%B5%20%D0%BD%D0%BE%D0%B3.mp4,alias_used,квадрицепс,/muscle-templates/manual/lower_quads.png,квадрицепс,разгибание колена,,,,
Растяжка на все тело,2473,runtime_full_body_stretch,Растяжка на все тело,растяжка-на-все-тело,exact_key,normalizedExercise.video_url,https://ac22cf36-390e-4f3a-b58f-98eb399f6f3b.selstorage.ru/exercises/%D0%A0%D0%B0%D1%81%D1%82%D1%8F%D0%B6%D0%BA%D0%B0%20%D0%BD%D0%B0%20%D0%B2%D1%81%D0%B5%20%D1%82%D0%B5%D0%BB%D0%BE.mp4,ok,Растяжка на все тело,/muscle-templates/manual/stretching_full_body.png,Растяжка на все тело,мобилизация / растяжка,,,,
Римские подтягивания,315,didactic_020,Римские подтягивания,римские-подтягивания,exact_key,normalizedExercise.video_url,https://ac22cf36-390e-4f3a-b58f-98eb399f6f3b.selstorage.ru/exercises/%D1%80%D0%B8%D0%BC%D1%81%D0%BA%D0%B8%D0%B5-%D0%BF%D0%BE%D0%B4%D1%82%D1%8F%D0%B3%D0%B8%D0%B2%D0%B0%D0%BD%D0%B8%D1%8F.mp4,alias_used,широчайшие,/muscle-templates/manual/upper_lats.png,широчайшие,горизонтальная тяга,,,,
Румынская тяга,238,didactic_027,Румынская тяга,румынская-тяга,exact_key,normalizedExercise.video_url,https://ac22cf36-390e-4f3a-b58f-98eb399f6f3b.selstorage.ru/exercises/%D1%80%D1%83%D0%BC%D1%8B%D0%BD%D1%81%D0%BA%D0%B0%D1%8F-%D1%82%D1%8F%D0%B3%D0%B0.mp4,alias_used,низ спины,/muscle-templates/manual/lower_spinal_extensors.png,низ спины,разгибание таза,,,,
Рычажная тяга,182,didactic_019,Рычажная тяга,рычажная-тяга,exact_key,normalizedExercise.video_url,https://ac22cf36-390e-4f3a-b58f-98eb399f6f3b.selstorage.ru/exercises/%D1%80%D1%8B%D1%87%D0%B0%D0%B6%D0%BD%D0%B0%D1%8F-%D1%82%D1%8F%D0%B3%D0%B0.mp4,alias_used,трапеция / широчайшие,/muscle-templates/manual/upper_back.png,трапеция / широчайшие,горизонтальная тяга,,,,
Сведение и разведение ног,270,didactic_103,Сведение и разведение ног,сведение-и-разведение-ног,exact_key,normalizedExercise.video_url,https://ac22cf36-390e-4f3a-b58f-98eb399f6f3b.selstorage.ru/exercises/%D1%81%D0%B2%D0%B5%D0%B4%D0%B5%D0%BD%D0%B8%D0%B5-%D0%B8-%D1%80%D0%B0%D0%B7%D0%B2%D0%B5%D0%B4%D0%B5%D0%BD%D0%B8%D0%B5-%D0%BD%D0%BE%D0%B3.mp4,alias_used,ягодицы,/muscle-templates/manual/lower_glute_maximus.png,ягодицы,приведение / отведение бедра,,,,
Сведение на ягодицы,5,didactic_103,Сведение и разведение ног,сведение-и-разведение-ног,alias_exact_key,normalizedExercise.video_url,https://ac22cf36-390e-4f3a-b58f-98eb399f6f3b.selstorage.ru/exercises/%D1%81%D0%B2%D0%B5%D0%B4%D0%B5%D0%BD%D0%B8%D0%B5-%D0%B8-%D1%80%D0%B0%D0%B7%D0%B2%D0%B5%D0%B4%D0%B5%D0%BD%D0%B8%D0%B5-%D0%BD%D0%BE%D0%B3.mp4,alias_used,ягодицы,/muscle-templates/manual/lower_glute_maximus.png,ягодицы,приведение / отведение бедра,,,,
Сведение рук в кроссовере,80,didactic_035,Сведение рук в кроссовере,сведение-рук-в-кроссовере,exact_key,normalizedExercise.video_url,https://ac22cf36-390e-4f3a-b58f-98eb399f6f3b.selstorage.ru/exercises/%D1%81%D0%B2%D0%B5%D0%B4%D0%B5%D0%BD%D0%B8%D0%B5-%D1%80%D1%83%D0%BA-%D0%B2-%D0%BA%D1%80%D0%BE%D1%81%D1%81%D0%BE%D0%B2%D0%B5%D1%80%D0%B5.mp4,ok,Большие грудные,/muscle-templates/manual/upper_chest.jpg,Большие грудные,Растяжка,,,,
Сведение рук в кроссовере 10 раз,3,didactic_035,Сведение рук в кроссовере,сведение-рук-в-кроссовере,exact_key,normalizedExercise.video_url,https://ac22cf36-390e-4f3a-b58f-98eb399f6f3b.selstorage.ru/exercises/%D1%81%D0%B2%D0%B5%D0%B4%D0%B5%D0%BD%D0%B8%D0%B5-%D1%80%D1%83%D0%BA-%D0%B2-%D0%BA%D1%80%D0%BE%D1%81%D1%81%D0%BE%D0%B2%D0%B5%D1%80%D0%B5.mp4,ok,Большие грудные,/muscle-templates/manual/upper_chest.jpg,Большие грудные,Растяжка,,,,
Сведение рук в кроссовере на 30 градусной скамье,5,didactic_039,Сведение рук в кроссовере на 30-градусной скамье,сведение-рук-в-кроссовере-на-30-градусной-скамье,alias_exact_key,normalizedExercise.video_url,https://ac22cf36-390e-4f3a-b58f-98eb399f6f3b.selstorage.ru/exercises/%D1%81%D0%B2%D0%B5%D0%B4%D0%B5%D0%BD%D0%B8%D0%B5-%D1%80%D1%83%D0%BA-%D0%B2-%D0%BA%D1%80%D0%BE%D1%81%D1%81%D0%BE%D0%B2%D0%B5%D1%80%D0%B5-%D0%BD%D0%B0-30-%D0%B3%D1%80%D0%B0%D0%B4%D1%83%D1%81%D0%BD%D0%BE%D0%B9-%D1%81%D0%BA%D0%B0%D0%BC%D1%8C%D0%B5.mp4,ok,Верх груди,/muscle-templates/manual/upper_chest_incline.png,Верх груди,Растяжка,,,,
Сведение рук в кроссовере на 30* скамье,45,didactic_039,Сведение рук в кроссовере на 30-градусной скамье,сведение-рук-в-кроссовере-на-30-градусной-скамье,alias_exact_key,normalizedExercise.video_url,https://ac22cf36-390e-4f3a-b58f-98eb399f6f3b.selstorage.ru/exercises/%D1%81%D0%B2%D0%B5%D0%B4%D0%B5%D0%BD%D0%B8%D0%B5-%D1%80%D1%83%D0%BA-%D0%B2-%D0%BA%D1%80%D0%BE%D1%81%D1%81%D0%BE%D0%B2%D0%B5%D1%80%D0%B5-%D0%BD%D0%B0-30-%D0%B3%D1%80%D0%B0%D0%B4%D1%83%D1%81%D0%BD%D0%BE%D0%B9-%D1%81%D0%BA%D0%B0%D0%BC%D1%8C%D0%B5.mp4,ok,Верх груди,/muscle-templates/manual/upper_chest_incline.png,Верх груди,Растяжка,,,,
Сведение рук в кроссовере на 30* скамье 10 раз,6,didactic_039,Сведение рук в кроссовере на 30-градусной скамье,сведение-рук-в-кроссовере-на-30-градусной-скамье,alias_exact_key,normalizedExercise.video_url,https://ac22cf36-390e-4f3a-b58f-98eb399f6f3b.selstorage.ru/exercises/%D1%81%D0%B2%D0%B5%D0%B4%D0%B5%D0%BD%D0%B8%D0%B5-%D1%80%D1%83%D0%BA-%D0%B2-%D0%BA%D1%80%D0%BE%D1%81%D1%81%D0%BE%D0%B2%D0%B5%D1%80%D0%B5-%D0%BD%D0%B0-30-%D0%B3%D1%80%D0%B0%D0%B4%D1%83%D1%81%D0%BD%D0%BE%D0%B9-%D1%81%D0%BA%D0%B0%D0%BC%D1%8C%D0%B5.mp4,ok,Верх груди,/muscle-templates/manual/upper_chest_incline.png,Верх груди,Растяжка,,,,
Сведение рук в кроссовере на горизонтальной скамье,10,didactic_041,Сведение рук в кроссовере на горизонтальной скамье,сведение-рук-в-кроссовере-на-горизонтальной-скамье,exact_key,normalizedExercise.video_url,https://ac22cf36-390e-4f3a-b58f-98eb399f6f3b.selstorage.ru/exercises/%D1%81%D0%B2%D0%B5%D0%B4%D0%B5%D0%BD%D0%B8%D0%B5-%D1%80%D1%83%D0%BA-%D0%B2-%D0%BA%D1%80%D0%BE%D1%81%D1%81%D0%BE%D0%B2%D0%B5%D1%80%D0%B5-%D0%BD%D0%B0-%D0%B3%D0%BE%D1%80%D0%B8%D0%B7%D0%BE%D0%BD%D1%82%D0%B0%D0%BB%D1%8C%D0%BD%D0%BE%D0%B9-%D1%81%D0%BA%D0%B0%D0%BC%D1%8C%D0%B5.mp4,ok,Большие грудные,/muscle-templates/manual/upper_chest.jpg,Большие грудные,Жим,,,,
Сгибание Зотмана,129,didactic_144,Сгибание Зотмана,сгибание-зотмана,exact_key,normalizedExercise.video_url,https://ac22cf36-390e-4f3a-b58f-98eb399f6f3b.selstorage.ru/exercises/%D1%81%D0%B3%D0%B8%D0%B1%D0%B0%D0%BD%D0%B8%D0%B5-%D0%B7%D0%BE%D1%82%D0%BC%D0%B0%D0%BD%D0%B0.mp4,alias_used,бицепс,/muscle-templates/manual/upper_biceps_needs_review.jpg,бицепс,сгибание локтя,,,,
Сгибание лежа по 1 ноге,143,didactic_093,Сгибание лежа по 1 ноге,сгибание-лежа-по-1-ноге,exact_key,normalizedExercise.video_url,https://ac22cf36-390e-4f3a-b58f-98eb399f6f3b.selstorage.ru/exercises/%D1%81%D0%B3%D0%B8%D0%B1%D0%B0%D0%BD%D0%B8%D0%B5-%D0%BB%D0%B5%D0%B6%D0%B0-%D0%BF%D0%BE-1-%D0%BD%D0%BE%D0%B3%D0%B5.mp4,alias_used,бицепс бедра,/muscle-templates/manual/lower_hamstrings.png,бицепс бедра,сгибание колена,,,,
Сгибание ног лежа,61,didactic_096,Сгибание ног лёжа,сгибание-ног-лежа,exact_key,normalizedExercise.video_url,https://ac22cf36-390e-4f3a-b58f-98eb399f6f3b.selstorage.ru/exercises/%D1%81%D0%B3%D0%B8%D0%B1%D0%B0%D0%BD%D0%B8%D0%B5-%D0%BD%D0%BE%D0%B3-%D0%BB%D0%B5%D0%B6%D0%B0.mp4,alias_used,бицепс бедра,/muscle-templates/manual/lower_hamstrings.png,бицепс бедра,сгибание колена,,,,
Сгибание ног лежа 15 раз,1,didactic_096,Сгибание ног лёжа,сгибание-ног-лежа,exact_key,normalizedExercise.video_url,https://ac22cf36-390e-4f3a-b58f-98eb399f6f3b.selstorage.ru/exercises/%D1%81%D0%B3%D0%B8%D0%B1%D0%B0%D0%BD%D0%B8%D0%B5-%D0%BD%D0%BE%D0%B3-%D0%BB%D0%B5%D0%B6%D0%B0.mp4,alias_used,бицепс бедра,/muscle-templates/manual/lower_hamstrings.png,бицепс бедра,сгибание колена,,,,
Сгибание ног сидя,430,didactic_082,Сгибание ног сидя,сгибание-ног-сидя,exact_key,normalizedExercise.video_url,https://ac22cf36-390e-4f3a-b58f-98eb399f6f3b.selstorage.ru/exercises/%D1%81%D0%B3%D0%B8%D0%B1%D0%B0%D0%BD%D0%B8%D0%B5-%D0%BD%D0%BE%D0%B3-%D1%81%D0%B8%D0%B4%D1%8F.mp4,alias_used,бицепс бедра,/muscle-templates/manual/lower_hamstrings.png,бицепс бедра,сгибание колена,,,,
Си-си присед на бицепс бедра,6,didactic_083,Си-си присед на бицепс бедра в смите,си-си-присед-на-бицепс-бедра-в-смите,alias_exact_key,normalizedExercise.video_url,https://ac22cf36-390e-4f3a-b58f-98eb399f6f3b.selstorage.ru/exercises/%D1%81%D0%B8-%D1%81%D0%B8-%D0%BF%D1%80%D0%B8%D1%81%D0%B5%D0%B4-%D0%BD%D0%B0-%D0%B1%D0%B8%D1%86%D0%B5%D0%BF%D1%81-%D0%B1%D0%B5%D0%B4%D1%80%D0%B0-%D0%B2-%D1%81%D0%BC%D0%B8%D1%82%D0%B5.mp4,alias_used,бицепс бедра,/muscle-templates/manual/lower_hamstrings.png,бицепс бедра,сгибание колена,,,,
Си-си присед с собственным весом,15,didactic_081,Си-си присед с собственным весом,си-си-присед-с-собственным-весом,exact_key,normalizedExercise.video_url,https://ac22cf36-390e-4f3a-b58f-98eb399f6f3b.selstorage.ru/exercises/%D1%81%D0%B8-%D1%81%D0%B8-%D0%BF%D1%80%D0%B8%D1%81%D0%B5%D0%B4-%D1%81-%D1%81%D0%BE%D0%B1%D1%81%D1%82%D0%B2%D0%B5%D0%BD%D0%BD%D1%8B%D0%BC-%D0%B2%D0%B5%D1%81%D0%BE%D0%BC.mp4,alias_used,квадрицепс,/muscle-templates/manual/lower_quads.png,квадрицепс,приседание,,,,
Си-си присед с собственным весом 10 раз,9,didactic_081,Си-си присед с собственным весом,си-си-присед-с-собственным-весом,exact_key,normalizedExercise.video_url,https://ac22cf36-390e-4f3a-b58f-98eb399f6f3b.selstorage.ru/exercises/%D1%81%D0%B8-%D1%81%D0%B8-%D0%BF%D1%80%D0%B8%D1%81%D0%B5%D0%B4-%D1%81-%D1%81%D0%BE%D0%B1%D1%81%D1%82%D0%B2%D0%B5%D0%BD%D0%BD%D1%8B%D0%BC-%D0%B2%D0%B5%D1%81%D0%BE%D0%BC.mp4,alias_used,квадрицепс,/muscle-templates/manual/lower_quads.png,квадрицепс,приседание,,,,
Си-си приседания на переднюю поверхность бедра,2,didactic_090,Си-си приседания на переднюю поверхность бедра,си-си-приседания-на-переднюю-поверхность-бедра,exact_key,normalizedExercise.video_url,https://ac22cf36-390e-4f3a-b58f-98eb399f6f3b.selstorage.ru/exercises/%D1%81%D0%B8-%D1%81%D0%B8-%D0%BF%D1%80%D0%B8%D1%81%D0%B5%D0%B4%D0%B0%D0%BD%D0%B8%D1%8F-%D0%BD%D0%B0-%D0%BF%D0%B5%D1%80%D0%B5%D0%B4%D0%BD%D1%8E%D1%8E-%D0%BF%D0%BE%D0%B2%D0%B5%D1%80%D1%85%D0%BD%D0%BE%D1%81%D1%82%D1%8C-%D0%B1%D0%B5%D0%B4%D1%80%D0%B0.mp4,alias_used,квадрицепс,/muscle-templates/manual/lower_quads.png,квадрицепс,приседание,,,,
Скрепка,100,didactic_131,Скрепка на пресс,скрепка-на-пресс,contains,normalizedExercise.video_url,https://ac22cf36-390e-4f3a-b58f-98eb399f6f3b.selstorage.ru/exercises/%D1%81%D0%BA%D1%80%D0%B5%D0%BF%D0%BA%D0%B0-%D0%BD%D0%B0-%D0%BF%D1%80%D0%B5%D1%81%D1%81.mp4,alias_used,прямая мышца живота,/muscle-templates/manual/core_rectus_abdominis.png,прямая мышца живота,скручивание,,,,
Скручивание на полу,2,didactic_134,Скручивания на полу на пресс,скручивания-на-полу-на-пресс,alias_exact_key,normalizedExercise.video_url,https://ac22cf36-390e-4f3a-b58f-98eb399f6f3b.selstorage.ru/exercises/%D1%81%D0%BA%D1%80%D1%83%D1%87%D0%B8%D0%B2%D0%B0%D0%BD%D0%B8%D1%8F-%D0%BD%D0%B0-%D0%BF%D0%BE%D0%BB%D1%83-%D0%BD%D0%B0-%D0%BF%D1%80%D0%B5%D1%81%D1%81.mp4,alias_used,прямая мышца живота,/muscle-templates/manual/core_rectus_abdominis.png,прямая мышца живота,скручивание,,,,
Скручивания на скамье для пресса,120,didactic_121,Скручивания на скамье для пресса,скручивания-на-скамье-для-пресса,exact_key,normalizedExercise.video_url,https://ac22cf36-390e-4f3a-b58f-98eb399f6f3b.selstorage.ru/exercises/%D1%81%D0%BA%D1%80%D1%83%D1%87%D0%B8%D0%B2%D0%B0%D0%BD%D0%B8%D1%8F-%D0%BD%D0%B0-%D1%81%D0%BA%D0%B0%D0%BC%D1%8C%D0%B5-%D0%B4%D0%BB%D1%8F-%D0%BF%D1%80%D0%B5%D1%81%D1%81%D0%B0.mp4,alias_used,прямая мышца живота,/muscle-templates/manual/core_rectus_abdominis.png,прямая мышца живота,скручивание,,,,
Становая тяга,107,didactic_026,Становая тяга,становая-тяга,exact_key,normalizedExercise.video_url,https://ac22cf36-390e-4f3a-b58f-98eb399f6f3b.selstorage.ru/exercises/%D1%81%D1%82%D0%B0%D0%BD%D0%BE%D0%B2%D0%B0%D1%8F-%D1%82%D1%8F%D0%B3%D0%B0.mp4,alias_used,низ спины,/muscle-templates/manual/lower_spinal_extensors.png,низ спины,разгибание таза,,,,
Становая тяга сумо,65,didactic_025,Становая тяга сумо,становая-тяга-сумо,exact_key,normalizedExercise.video_url,https://ac22cf36-390e-4f3a-b58f-98eb399f6f3b.selstorage.ru/exercises/%D1%81%D1%82%D0%B0%D0%BD%D0%BE%D0%B2%D0%B0%D1%8F-%D1%82%D1%8F%D0%B3%D0%B0-%D1%81%D1%83%D0%BC%D0%BE.mp4,alias_used,низ спины,/muscle-templates/manual/lower_spinal_extensors.png,низ спины,разгибание таза,,,,
Суперсет на верх груди в смитте,17,didactic_051,Суперсет на верх груди в смитте,суперсет-на-верх-груди-в-смитте,exact_key,normalizedExercise.video_url,https://ac22cf36-390e-4f3a-b58f-98eb399f6f3b.selstorage.ru/exercises/%D1%81%D1%83%D0%BF%D0%B5%D1%80%D1%81%D0%B5%D1%82-%D0%BD%D0%B0-%D0%B2%D0%B5%D1%80%D1%85-%D0%B3%D1%80%D1%83%D0%B4%D0%B8-%D0%B2-%D1%81%D0%BC%D0%B8%D1%82%D1%82%D0%B5.mp4,ok,Верх груди,/muscle-templates/manual/upper_chest_incline.png,Верх груди,Жим,,,,
Т-тяга в тренажере,17,didactic_017,Т-тяга в тренажёре,т-тяга-в-тренажере,exact_key,normalizedExercise.video_url,https://ac22cf36-390e-4f3a-b58f-98eb399f6f3b.selstorage.ru/exercises/%D1%82-%D1%82%D1%8F%D0%B3%D0%B0-%D0%B2-%D1%82%D1%80%D0%B5%D0%BD%D0%B0%D0%B6%D0%B5%D1%80%D0%B5.mp4,alias_used,трапеция,/muscle-templates/manual/upper_back.png,трапеция,горизонтальная тяга,,,,
Т-тяга со штангой,124,didactic_016,Т-тяга со штангой,т-тяга-со-штангой,exact_key,normalizedExercise.video_url,https://ac22cf36-390e-4f3a-b58f-98eb399f6f3b.selstorage.ru/exercises/%D1%82-%D1%82%D1%8F%D0%B3%D0%B0-%D1%81%D0%BE-%D1%88%D1%82%D0%B0%D0%BD%D0%B3%D0%BE%D0%B9.mp4,alias_used,трапеция,/muscle-templates/manual/upper_back.png,трапеция,горизонтальная тяга,,,,
Трицепс в кроссовере обратным хватом,165,didactic_170,Трицепс в кроссовере обратным хватом,трицепс-в-кроссовере-обратным-хватом,exact_key,normalizedExercise.video_url,https://ac22cf36-390e-4f3a-b58f-98eb399f6f3b.selstorage.ru/exercises/%D1%82%D1%80%D0%B8%D1%86%D0%B5%D0%BF%D1%81-%D0%B2-%D0%BA%D1%80%D0%BE%D1%81%D1%81%D0%BE%D0%B2%D0%B5%D1%80%D0%B5-%D0%BE%D0%B1%D1%80%D0%B0%D1%82%D0%BD%D1%8B%D0%BC-%D1%85%D0%B2%D0%B0%D1%82%D0%BE%D0%BC.mp4,alias_used,трицепс,/muscle-templates/manual/upper_triceps.png,трицепс,разгибание локтя,,,,
"Трицепс в тренажёре формата ""брусья""",129,didactic_172,Трицепс в тренажере,трицепс-в-тренажере,contains,normalizedExercise.video_url,https://ac22cf36-390e-4f3a-b58f-98eb399f6f3b.selstorage.ru/exercises/%D1%82%D1%80%D0%B8%D1%86%D0%B5%D0%BF%D1%81-%D0%B2-%D1%82%D1%80%D0%B5%D0%BD%D0%B0%D0%B6%D0%B5%D1%80%D0%B5.mp4,alias_used,трицепс,/muscle-templates/manual/upper_triceps.png,трицепс,разгибание локтя,,,,
"Тяга ""Арбалет"" на заднюю дельту",84,didactic_067,"Тяга ""Арбалет"" на заднюю дельту",тяга-арбалет-на-заднюю-дельту,exact_key,normalizedExercise.video_url,https://ac22cf36-390e-4f3a-b58f-98eb399f6f3b.selstorage.ru/exercises/%D1%82%D1%8F%D0%B3%D0%B0-%D0%B0%D1%80%D0%B1%D0%B0%D0%BB%D0%B5%D1%82-%D0%BD%D0%B0-%D0%B7%D0%B0%D0%B4%D0%BD%D1%8E%D1%8E-%D0%B4%D0%B5%D0%BB%D1%8C%D1%82%D1%83.mp4,alias_used,задняя дельта,/muscle-templates/manual/upper_rear_delt.png,задняя дельта,Горизонтальное отведение,,,,
Тяга гантели к поясу,97,didactic_023,Тяга гантели к поясу,тяга-гантели-к-поясу,exact_key,normalizedExercise.video_url,https://ac22cf36-390e-4f3a-b58f-98eb399f6f3b.selstorage.ru/exercises/%D1%82%D1%8F%D0%B3%D0%B0-%D0%B3%D0%B0%D0%BD%D1%82%D0%B5%D0%BB%D0%B8-%D0%BA-%D0%BF%D0%BE%D1%8F%D1%81%D1%83.mp4,alias_used,широчайшие,/muscle-templates/manual/upper_lats.png,широчайшие,горизонтальная тяга,,,,
Тяга гирь к поясу,33,didactic_021,Тяга гирь к поясу,тяга-гирь-к-поясу,exact_key,normalizedExercise.video_url,https://ac22cf36-390e-4f3a-b58f-98eb399f6f3b.selstorage.ru/exercises/%D1%82%D1%8F%D0%B3%D0%B0-%D0%B3%D0%B8%D1%80%D1%8C-%D0%BA-%D0%BF%D0%BE%D1%8F%D1%81%D1%83.mp4,alias_used,широчайшие,/muscle-templates/manual/upper_lats.png,широчайшие,горизонтальная тяга,,,,
Тяга из-за головы в кроссовере на трицепс.,55,didactic_169,Тяга из-за головы в кроссовере на трицепс,тяга-из-за-головы-в-кроссовере-на-трицепс,exact_key,normalizedExercise.video_url,https://ac22cf36-390e-4f3a-b58f-98eb399f6f3b.selstorage.ru/exercises/%D1%82%D1%8F%D0%B3%D0%B0-%D0%B8%D0%B7-%D0%B7%D0%B0-%D0%B3%D0%BE%D0%BB%D0%BE%D0%B2%D1%8B-%D0%B2-%D0%BA%D1%80%D0%BE%D1%81%D1%81%D0%BE%D0%B2%D0%B5%D1%80%D0%B5-%D0%BD%D0%B0-%D1%82%D1%80%D0%B8%D1%86%D0%B5%D0%BF%D1%81.mp4,alias_used,трицепс,/muscle-templates/manual/upper_triceps.png,трицепс,разгибание локтя,,,,
Тяга из-за головы на трицепс,96,didactic_169,Тяга из-за головы в кроссовере на трицепс,тяга-из-за-головы-в-кроссовере-на-трицепс,alias_exact_key,normalizedExercise.video_url,https://ac22cf36-390e-4f3a-b58f-98eb399f6f3b.selstorage.ru/exercises/%D1%82%D1%8F%D0%B3%D0%B0-%D0%B8%D0%B7-%D0%B7%D0%B0-%D0%B3%D0%BE%D0%BB%D0%BE%D0%B2%D1%8B-%D0%B2-%D0%BA%D1%80%D0%BE%D1%81%D1%81%D0%BE%D0%B2%D0%B5%D1%80%D0%B5-%D0%BD%D0%B0-%D1%82%D1%80%D0%B8%D1%86%D0%B5%D0%BF%D1%81.mp4,alias_used,трицепс,/muscle-templates/manual/upper_triceps.png,трицепс,разгибание локтя,,,,
Тяга к подбородку в кроссовере,153,didactic_057,Тяга к подбородку в кроссовере,тяга-к-подбородку-в-кроссовере,exact_key,normalizedExercise.video_url,https://ac22cf36-390e-4f3a-b58f-98eb399f6f3b.selstorage.ru/exercises/%D1%82%D1%8F%D0%B3%D0%B0-%D0%BA-%D0%BF%D0%BE%D0%B4%D0%B1%D0%BE%D1%80%D0%BE%D0%B4%D0%BA%D1%83-%D0%B2-%D0%BA%D1%80%D0%BE%D1%81%D1%81%D0%BE%D0%B2%D0%B5%D1%80%D0%B5.mp4,alias_used,средняя дельта,/muscle-templates/manual/upper_lateral_delt.png,средняя дельта,Отведение плеча,,,,
Тяга к поясу в кроссовере,166,didactic_022,Тяга к поясу в кроссовере,тяга-к-поясу-в-кроссовере,exact_key,normalizedExercise.video_url,https://ac22cf36-390e-4f3a-b58f-98eb399f6f3b.selstorage.ru/exercises/%D1%82%D1%8F%D0%B3%D0%B0-%D0%BA-%D0%BF%D0%BE%D1%8F%D1%81%D1%83-%D0%B2-%D0%BA%D1%80%D0%BE%D1%81%D1%81%D0%BE%D0%B2%D0%B5%D1%80%D0%B5.mp4,alias_used,широчайшие,/muscle-templates/manual/upper_lats.png,широчайшие,горизонтальная тяга,,,,
Тяга Ли Хэйни,67,didactic_058,Тяга Ли Хэйни,тяга-ли-хэйни,exact_key,normalizedExercise.video_url,https://ac22cf36-390e-4f3a-b58f-98eb399f6f3b.selstorage.ru/exercises/%D1%82%D1%8F%D0%B3%D0%B0-%D0%BB%D0%B8-%D1%85%D1%8D%D0%B9%D0%BD%D0%B8.mp4,alias_used,задняя дельта,/muscle-templates/manual/upper_rear_delt.png,задняя дельта,Разгибание плеча,,,,
Тяга штанги к поясу,114,didactic_024,Тяга штанги к поясу,тяга-штанги-к-поясу,exact_key,normalizedExercise.video_url,https://ac22cf36-390e-4f3a-b58f-98eb399f6f3b.selstorage.ru/exercises/%D1%82%D1%8F%D0%B3%D0%B0-%D1%88%D1%82%D0%B0%D0%BD%D0%B3%D0%B8-%D0%BA-%D0%BF%D0%BE%D1%8F%D1%81%D1%83.mp4,alias_used,широчайшие,/muscle-templates/manual/upper_lats.png,широчайшие,горизонтальная тяга,,,,
Французский жим гантели стоя,36,didactic_176,Французский жим гантели стоя,французский-жим-гантели-стоя,exact_key,normalizedExercise.video_url,https://ac22cf36-390e-4f3a-b58f-98eb399f6f3b.selstorage.ru/exercises/%D1%84%D1%80%D0%B0%D0%BD%D1%86%D1%83%D0%B7%D1%81%D0%BA%D0%B8%D0%B9-%D0%B6%D0%B8%D0%BC-%D0%B3%D0%B0%D0%BD%D1%82%D0%B5%D0%BB%D0%B8-%D1%81%D1%82%D0%BE%D1%8F.mp4,alias_used,трицепс,/muscle-templates/manual/upper_triceps.png,трицепс,разгибание локтя,,,,
Французский жим лёжа,23,didactic_187,Французский жим лежа,французский-жим-лежа,exact_key,normalizedExercise.video_url,https://ac22cf36-390e-4f3a-b58f-98eb399f6f3b.selstorage.ru/exercises/%D1%84%D1%80%D0%B0%D0%BD%D1%86%D1%83%D0%B7%D1%81%D0%BA%D0%B8%D0%B9-%D0%B6%D0%B8%D0%BC-%D0%BB%D0%B5%D0%B6%D0%B0.mp4,alias_used,трицепс,/muscle-templates/manual/upper_triceps.png,трицепс,разгибание локтя,,,,
Французский жим с гантелями,73,didactic_184,Французский жим с гантелями,французский-жим-с-гантелями,exact_key,normalizedExercise.video_url,https://ac22cf36-390e-4f3a-b58f-98eb399f6f3b.selstorage.ru/exercises/%D1%84%D1%80%D0%B0%D0%BD%D1%86%D1%83%D0%B7%D1%81%D0%BA%D0%B8%D0%B9-%D0%B6%D0%B8%D0%BC-%D1%81-%D0%B3%D0%B0%D0%BD%D1%82%D0%B5%D0%BB%D1%8F%D0%BC%D0%B8.mp4,alias_used,трицепс,/muscle-templates/manual/upper_triceps.png,трицепс,разгибание локтя,,,,
Фронтальные махи со штангой стоя,55,didactic_066,Фронтальные махи со штангой стоя,фронтальные-махи-со-штангой-стоя,exact_key,normalizedExercise.video_url,https://ac22cf36-390e-4f3a-b58f-98eb399f6f3b.selstorage.ru/exercises/%D1%84%D1%80%D0%BE%D0%BD%D1%82%D0%B0%D0%BB%D1%8C%D0%BD%D1%8B%D0%B5-%D0%BC%D0%B0%D1%85%D0%B8-%D1%81%D0%BE-%D1%88%D1%82%D0%B0%D0%BD%D0%B3%D0%BE%D0%B9-%D1%81%D1%82%D0%BE%D1%8F.mp4,alias_used,передняя дельта,/muscle-templates/manual/upper_front_delt.png,передняя дельта,Подъём плеча перед собой,,,,
Фронтальные приседания со штангой,291,didactic_097,Фронтальные приседания,фронтальные-приседания,alias_exact_key,normalizedExercise.video_url,https://ac22cf36-390e-4f3a-b58f-98eb399f6f3b.selstorage.ru/exercises/%D1%84%D1%80%D0%BE%D0%BD%D1%82%D0%B0%D0%BB%D1%8C%D0%BD%D1%8B%D0%B5-%D0%BF%D1%80%D0%B8%D1%81%D0%B5%D0%B4%D0%B0%D0%BD%D0%B8%D1%8F.mp4,alias_used,квадрицепс,/muscle-templates/manual/lower_quads.png,квадрицепс,приседание,,,,
Ягодицы в тренажере,53,didactic_107,Ягодицы в тренажере,ягодицы-в-тренажере,exact_key,normalizedExercise.video_url,https://ac22cf36-390e-4f3a-b58f-98eb399f6f3b.selstorage.ru/exercises/%D1%8F%D0%B3%D0%BE%D0%B4%D0%B8%D1%86%D1%8B-%D0%B2-%D1%82%D1%80%D0%B5%D0%BD%D0%B0%D0%B6%D0%B5%D1%80%D0%B5.mp4,alias_used,ягодицы,/muscle-templates/manual/lower_glute_maximus.png,ягодицы,разгибание таза,,,,
Ягодичный мост в смитте,104,didactic_078,Ягодичный мост в смитте,ягодичный-мост-в-смитте,exact_key,normalizedExercise.video_url,https://ac22cf36-390e-4f3a-b58f-98eb399f6f3b.selstorage.ru/exercises/%D1%8F%D0%B3%D0%BE%D0%B4%D0%B8%D1%87%D0%BD%D1%8B%D0%B9-%D0%BC%D0%BE%D1%81%D1%82-%D0%B2-%D1%81%D0%BC%D0%B8%D1%82%D1%82%D0%B5.mp4,alias_used,ягодицы,/muscle-templates/manual/lower_glute_maximus.png,ягодицы,разгибание таза,,,,
Ягодичный мост в тренажере,379,didactic_110,Ягодичный мост в тренажере,ягодичный-мост-в-тренажере,exact_key,normalizedExercise.video_url,https://ac22cf36-390e-4f3a-b58f-98eb399f6f3b.selstorage.ru/exercises/%D1%8F%D0%B3%D0%BE%D0%B4%D0%B8%D1%87%D0%BD%D1%8B%D0%B9-%D0%BC%D0%BE%D1%81%D1%82-%D0%B2-%D1%82%D1%80%D0%B5%D0%BD%D0%B0%D0%B6%D0%B5%D1%80%D0%B5.mp4,alias_used,ягодицы,/muscle-templates/manual/lower_glute_maximus.png,ягодицы,разгибание таза,,,,
Ягодичный мост со штангой,51,didactic_104,Ягодичный мост со штангой,ягодичный-мост-со-штангой,exact_key,normalizedExercise.video_url,https://ac22cf36-390e-4f3a-b58f-98eb399f6f3b.selstorage.ru/exercises/%D1%8F%D0%B3%D0%BE%D0%B4%D0%B8%D1%87%D0%BD%D1%8B%D0%B9-%D0%BC%D0%BE%D1%81%D1%82-%D1%81%D0%BE-%D1%88%D1%82%D0%B0%D0%BD%D0%B3%D0%BE%D0%B9.mp4,alias_used,ягодицы,/muscle-templates/manual/lower_glute_maximus.png,ягодицы,разгибание таза,,,,
G-жим,55,didactic_182,G-жим,g-жим,exact_key,normalizedExercise.video_url,https://ac22cf36-390e-4f3a-b58f-98eb399f6f3b.selstorage.ru/exercises/g-%D0%B6%D0%B8%D0%BC.mp4,alias_used,трицепс,/muscle-templates/manual/upper_triceps.png,трицепс,разгибание локтя,,,,